[[0.00000000e+00 0.00000000e+00 0.00000000e+00]
 [0.00000000e+00 0.00000000e+00 0.00000000e+00]
 [0.00000000e+00 0.00000000e+00 0.00000000e+00]
 [0.00000000e+00 0.00000000e+00 0.00000000e+00]
 [0.00000000e+00 0.00000000e+00 0.00000000e+00]
 [2.55697154e-05 1.76592542e-04 4.01086821e-03]
 [1.42524204e-04 1.63678620e-02 3.37224680e-01]
 [3.14351518e-02 1.88318343e-01 2.19174892e+01]
 [8.56388247e-01 2.61478382e+01 5.77136118e-01]
 [2.20017824e+01 2.50436056e-01 3.23363546e-02]
 [2.06794835e+01 5.88610109e-02 1.16031468e-02]
 [1.87828513e+01 2.44689812e-02 5.26644363e-03]
 [1.69520845e+01 1.84268882e-03 8.63156252e-04]
 [1.54436934e+01 9.09417069e-04 4.01614008e-04]
 [1.40680523e+01 2.44785286e-04 7.10041976e-05]
 [1.26831493e+01 2.71448441e-05 4.37681855e-06]
 [1.15574640e+01 1.85949890e-05 4.46221183e-07]
 [1.03901997e+01 1.27317497e-06 2.40886376e-06]
 [9.37735861e+00 1.08036727e-07 3.62920577e-07]
 [8.54284209e+00 3.36975440e-08 5.82764995e-09]
 [7.68472873e+00 1.59944646e-07 2.86563422e-08]
 [6.96513705e+00 3.19546850e-09 1.15314628e-08]
 [6.37526376e+00 1.81502278e-09 1.76136973e-10]
 [5.70519301e+00 2.25007679e-10 5.47312674e-12]
 [5.15144994e+00 4.41933718e-12 1.59340807e-13]
 [4.63714693e+00 1.74639633e-11 4.43114794e-12]
 [4.20046346e+00 2.74512333e-13 5.86368138e-14]
 [3.75123065e+00 6.36944383e-15 5.85270570e-16]
 [3.35834616e+00 5.18668400e-14 6.81446693e-15]
 [3.08635124e+00 2.54222798e-13 2.64749911e-18]
 [2.72450633e+00 1.11158113e-16 2.60691378e-17]
 [2.46179600e-15 4.71151066e-20 3.42078439e-22]
 [1.61644299e-18 9.70675917e-28 4.15375029e-24]
 [1.74156291e-20 0.00000000e+00 0.00000000e+00]
 [1.23368847e-25 2.12581766e-25 0.00000000e+00]
 [1.58300602e-22 0.00000000e+00 0.00000000e+00]
 [1.11031962e-27 0.00000000e+00 0.00000000e+00]
 [7.74416559e-32 0.00000000e+00 0.00000000e+00]
 [0.00000000e+00 0.00000000e+00 0.00000000e+00]
 [0.00000000e+00 0.00000000e+00 0.00000000e+00]
 [0.00000000e+00 0.00000000e+00 0.00000000e+00]
 [0.00000000e+00 0.00000000e+00 0.00000000e+00]
 [0.00000000e+00 0.00000000e+00 0.00000000e+00]
 [0.00000000e+00 0.00000000e+00 0.00000000e+00]
 [0.00000000e+00 0.00000000e+00 0.00000000e+00]
 [0.00000000e+00 0.00000000e+00 0.00000000e+00]
 [0.00000000e+00 0.00000000e+00 0.00000000e+00]
 [0.00000000e+00 0.00000000e+00 0.00000000e+00]
 [0.00000000e+00 0.00000000e+00 0.00000000e+00]
 [0.00000000e+00 0.00000000e+00 0.00000000e+00]
 [0.00000000e+00 0.00000000e+00 0.00000000e+00]
 [0.00000000e+00 0.00000000e+00 0.00000000e+00]
 [0.00000000e+00 0.00000000e+00 0.00000000e+00]
 [0.00000000e+00 0.00000000e+00 0.00000000e+00]
 [0.00000000e+00 0.00000000e+00 0.00000000e+00]
 [0.00000000e+00 0.00000000e+00 0.00000000e+00]
 [0.00000000e+00 0.00000000e+00 0.00000000e+00]
 [0.00000000e+00 0.00000000e+00 0.00000000e+00]
 [0.00000000e+00 0.00000000e+00 0.00000000e+00]
 [0.00000000e+00 0.00000000e+00 0.00000000e+00]
 [0.00000000e+00 0.00000000e+00 0.00000000e+00]
 [0.00000000e+00 0.00000000e+00 0.00000000e+00]
 [0.00000000e+00 0.00000000e+00 0.00000000e+00]
 [0.00000000e+00 0.00000000e+00 0.00000000e+00]
 [0.00000000e+00 0.00000000e+00 0.00000000e+00]
 [0.00000000e+00 0.00000000e+00 0.00000000e+00]
 [0.00000000e+00 0.00000000e+00 0.00000000e+00]
 [0.00000000e+00 0.00000000e+00 0.00000000e+00]
 [0.00000000e+00 0.00000000e+00 0.00000000e+00]
 [0.00000000e+00 0.00000000e+00 0.00000000e+00]
 [0.00000000e+00 0.00000000e+00 0.00000000e+00]
 [0.00000000e+00 0.00000000e+00 0.00000000e+00]
 [0.00000000e+00 0.00000000e+00 0.00000000e+00]
 [0.00000000e+00 0.00000000e+00 0.00000000e+00]
 [0.00000000e+00 0.00000000e+00 0.00000000e+00]
 [0.00000000e+00 0.00000000e+00 0.00000000e+00]
 [0.00000000e+00 0.00000000e+00 0.00000000e+00]
 [0.00000000e+00 0.00000000e+00 0.00000000e+00]
 [0.00000000e+00 0.00000000e+00 0.00000000e+00]
 [0.00000000e+00 0.00000000e+00 0.00000000e+00]
 [0.00000000e+00 0.00000000e+00 0.00000000e+00]
 [0.00000000e+00 0.00000000e+00 0.00000000e+00]
 [0.00000000e+00 0.00000000e+00 0.00000000e+00]
 [0.00000000e+00 0.00000000e+00 0.00000000e+00]
 [0.00000000e+00 0.00000000e+00 0.00000000e+00]
 [0.00000000e+00 0.00000000e+00 0.00000000e+00]
 [0.00000000e+00 0.00000000e+00 0.00000000e+00]
 [0.00000000e+00 0.00000000e+00 0.00000000e+00]
 [0.00000000e+00 0.00000000e+00 0.00000000e+00]
 [0.00000000e+00 0.00000000e+00 0.00000000e+00]
 [0.00000000e+00 0.00000000e+00 0.00000000e+00]
 [0.00000000e+00 0.00000000e+00 0.00000000e+00]
 [0.00000000e+00 0.00000000e+00 0.00000000e+00]
 [0.00000000e+00 0.00000000e+00 0.00000000e+00]
 [0.00000000e+00 0.00000000e+00 0.00000000e+00]
 [0.00000000e+00 0.00000000e+00 0.00000000e+00]
 [0.00000000e+00 0.00000000e+00 0.00000000e+00]
 [0.00000000e+00 0.00000000e+00 0.00000000e+00]
 [0.00000000e+00 0.00000000e+00 0.00000000e+00]
 [0.00000000e+00 0.00000000e+00 0.00000000e+00]]