[[5.16177945e+00 6.46879714e+00 1.18099265e+01]
 [5.99874740e+00 6.98922011e+00 1.31229257e+01]
 [6.96355956e+00 7.92107138e+00 1.45340293e+01]
 [8.48296260e+00 9.73982557e+00 1.59767619e+01]
 [9.65430106e+00 1.11039034e+01 1.75904304e+01]
 [1.12517895e+01 1.25902226e+01 1.95078446e+01]
 [1.29781719e+01 1.51499577e+01 2.16712133e+01]
 [1.66151554e+01 1.87712827e+01 2.33634312e+01]
 [2.10885741e+01 2.87891496e+01 2.11252533e+01]
 [2.35354042e+01 1.71773775e+01 1.27793032e+01]
 [1.85597181e+01 6.10507700e+00 2.93247909e+00]
 [1.07361758e+01 1.81290571e+00 5.88752526e-01]
 [2.61892588e+00 1.48169563e-01 5.06015132e-02]
 [3.20233202e-01 2.77080527e-02 2.12477680e-03]
 [1.19317976e-02 6.17596376e-04 3.55344333e-05]
 [9.89810134e-04 6.31799417e-05 1.59331328e-05]
 [2.23222888e-05 8.75772027e-06 2.70288318e-08]
 [2.62765823e-07 4.36083474e-08 2.47207976e-09]
 [2.12684977e-08 2.65895478e-09 9.58791478e-11]
 [1.06701715e-09 4.34248559e-11 9.01995698e-12]
 [1.62148154e-10 4.31237370e-13 6.77715872e-15]
 [4.45595269e-13 2.50418057e-13 5.99315869e-15]
 [1.26789227e-12 2.50767691e-16 2.06185403e-16]
 [2.94599021e-16 3.60863112e-18 3.29581808e-19]
 [1.04736987e-17 2.34145316e-18 5.23152362e-21]
 [3.18758840e-19 5.38585367e-21 5.40448659e-21]
 [3.73661387e-20 2.47026921e-21 3.16711470e-22]
 [2.44338068e-21 1.10460916e-22 7.16821695e-27]
 [1.12319564e-22 6.61903469e-26 4.37945391e-27]
 [4.02688229e-25 6.13825451e-25 6.53278861e-31]
 [2.10985830e-25 5.84479387e-29 1.67573518e-29]
 [3.31082582e-29 3.02698081e-31 6.04728706e-33]
 [4.29529712e-31 1.52489634e-31 1.20271573e-33]
 [9.12282817e-33 1.50316843e-34 1.03834968e-34]
 [4.85231404e-33 7.31619521e-35 4.16918318e-35]
 [1.75264920e-34 2.10552001e-35 3.78184717e-37]
 [2.17515871e-35 9.41379242e-37 2.19290155e-37]
 [1.65693228e-36 1.17424019e-38 0.00000000e+00]
 [0.00000000e+00 0.00000000e+00 0.00000000e+00]
 [0.00000000e+00 0.00000000e+00 0.00000000e+00]
 [0.00000000e+00 0.00000000e+00 0.00000000e+00]
 [0.00000000e+00 0.00000000e+00 0.00000000e+00]
 [0.00000000e+00 0.00000000e+00 0.00000000e+00]
 [0.00000000e+00 0.00000000e+00 0.00000000e+00]
 [0.00000000e+00 0.00000000e+00 0.00000000e+00]
 [0.00000000e+00 0.00000000e+00 0.00000000e+00]
 [0.00000000e+00 0.00000000e+00 0.00000000e+00]
 [0.00000000e+00 0.00000000e+00 0.00000000e+00]
 [0.00000000e+00 0.00000000e+00 0.00000000e+00]
 [0.00000000e+00 0.00000000e+00 0.00000000e+00]
 [0.00000000e+00 0.00000000e+00 0.00000000e+00]
 [0.00000000e+00 0.00000000e+00 0.00000000e+00]
 [0.00000000e+00 0.00000000e+00 0.00000000e+00]
 [0.00000000e+00 0.00000000e+00 0.00000000e+00]
 [0.00000000e+00 0.00000000e+00 0.00000000e+00]
 [0.00000000e+00 0.00000000e+00 0.00000000e+00]
 [0.00000000e+00 0.00000000e+00 0.00000000e+00]
 [0.00000000e+00 0.00000000e+00 0.00000000e+00]
 [0.00000000e+00 0.00000000e+00 0.00000000e+00]
 [0.00000000e+00 0.00000000e+00 0.00000000e+00]
 [0.00000000e+00 0.00000000e+00 0.00000000e+00]
 [0.00000000e+00 0.00000000e+00 0.00000000e+00]
 [0.00000000e+00 0.00000000e+00 0.00000000e+00]
 [0.00000000e+00 0.00000000e+00 0.00000000e+00]
 [0.00000000e+00 0.00000000e+00 0.00000000e+00]
 [0.00000000e+00 0.00000000e+00 0.00000000e+00]
 [0.00000000e+00 0.00000000e+00 0.00000000e+00]
 [0.00000000e+00 0.00000000e+00 0.00000000e+00]
 [0.00000000e+00 0.00000000e+00 0.00000000e+00]
 [0.00000000e+00 0.00000000e+00 0.00000000e+00]
 [0.00000000e+00 0.00000000e+00 0.00000000e+00]
 [0.00000000e+00 0.00000000e+00 0.00000000e+00]
 [0.00000000e+00 0.00000000e+00 0.00000000e+00]
 [0.00000000e+00 0.00000000e+00 0.00000000e+00]
 [0.00000000e+00 0.00000000e+00 0.00000000e+00]
 [0.00000000e+00 0.00000000e+00 0.00000000e+00]
 [0.00000000e+00 0.00000000e+00 0.00000000e+00]
 [0.00000000e+00 0.00000000e+00 0.00000000e+00]
 [0.00000000e+00 0.00000000e+00 0.00000000e+00]
 [0.00000000e+00 0.00000000e+00 0.00000000e+00]
 [0.00000000e+00 0.00000000e+00 2.15506713e-28]
 [0.00000000e+00 0.00000000e+00 0.00000000e+00]
 [0.00000000e+00 0.00000000e+00 4.60439001e-25]
 [4.30995795e-28 3.93059937e-27 1.54742502e-20]
 [2.96137994e-19 2.96137562e-19 3.27017433e-17]
 [3.40010642e-19 4.43983126e-23 1.42028979e-16]
 [1.62048343e-17 1.57713095e-17 1.23995162e-14]
 [8.22671164e-17 1.00451458e-09 4.20107248e-15]
 [1.13220119e-12 2.39612760e-09 3.27390865e-07]
 [9.72503612e-11 4.78627166e-07 6.64328596e-05]
 [7.83651346e-07 1.01478287e-06 2.65074995e-04]
 [4.06936126e-06 2.02139757e-04 8.50997778e-03]
 [1.17838058e-03 1.00664295e-02 1.07730201e-01]
 [1.42536728e-02 4.25130607e-02 8.55847893e-01]
 [1.30899787e-01 2.54849915e-01 2.72749985e+00]
 [1.35563440e+00 2.44988226e+00 6.98640502e+00]
 [2.00974805e+00 3.27121221e+00 7.78094430e+00]
 [2.98147451e+00 3.47537177e+00 8.63454634e+00]
 [3.62417558e+00 4.08722714e+00 9.70539442e+00]
 [4.14369690e+00 4.65258622e+00 1.07842142e+01]]