[[1.26934028e+00 2.04554256e+00 7.59138974e+00]
 [3.60722439e+00 5.50088376e+00 1.72062793e+01]
 [9.71280442e+00 1.43042589e+01 3.00446376e+01]
 [1.99129502e+01 2.78144569e+01 4.50960734e+01]
 [3.41854055e+01 4.07736446e+01 5.94499261e+01]
 [4.92998792e+01 5.57755426e+01 7.15112672e+01]
 [6.28195182e+01 6.94466763e+01 8.08503997e+01]
 [7.25414178e+01 8.01276122e+01 8.99909035e+01]
 [8.09841793e+01 9.99954827e+01 8.09909289e+01]
 [8.99955592e+01 8.09022192e+01 7.28916231e+01]
 [8.09956292e+01 7.28107983e+01 6.56017342e+01]
 [7.28957026e+01 6.54950728e+01 5.90407496e+01]
 [6.56057599e+01 5.89550452e+01 5.31358098e+01]
 [5.90448337e+01 5.30441394e+01 4.78217077e+01]
 [5.31399947e+01 4.77416380e+01 4.30386193e+01]
 [4.78256422e+01 4.29625074e+01 3.87345825e+01]
 [4.30427422e+01 3.86490166e+01 3.48607012e+01]
 [3.87381323e+01 3.47702738e+01 3.13738968e+01]
 [3.48639738e+01 3.13009866e+01 2.82355004e+01]
 [3.13772450e+01 2.81655016e+01 2.54116783e+01]
 [2.82392164e+01 2.53459330e+01 2.28698416e+01]
 [2.54149747e+01 2.28135205e+01 2.05822926e+01]
 [2.28731562e+01 2.05224333e+01 1.85236689e+01]
 [2.05855519e+01 1.84639332e+01 1.66710768e+01]
 [1.85267173e+01 1.66190367e+01 1.50033857e+01]
 [1.66737594e+01 1.49418074e+01 1.35024196e+01]
 [1.50061218e+01 1.34479582e+01 1.21514774e+01]
 [1.35052536e+01 1.20967583e+01 1.09355310e+01]
 [1.21544588e+01 1.08937662e+01 9.84211129e+00]
 [1.09387583e+01 9.78900672e+00 8.85732275e+00]
 [9.84462284e+00 8.81202563e+00 7.96784407e+00]
 [8.85727282e+00 7.79218853e+00 7.08906707e+00]
 [7.93138866e+00 6.68909137e+00 6.02391625e+00]
 [6.90795073e+00 5.48544073e+00 4.85009359e+00]
 [5.74496218e+00 4.17759916e+00 3.65670718e+00]
 [4.49822375e+00 3.17664753e+00 2.76995593e+00]
 [3.43927327e+00 2.40876186e+00 2.09789496e+00]
 [2.62286146e+00 1.78744797e+00 1.56275741e+00]
 [1.99953460e+00 1.32328197e+00 1.09612950e+00]
 [1.47417934e+00 9.40343265e-01 7.45351640e-01]
 [1.03287879e+00 6.13369257e-01 4.70714021e-01]
 [6.75763664e-01 3.69185102e-01 2.85409044e-01]
 [4.20619999e-01 2.25309833e-01 1.77253681e-01]
 [2.69495039e-01 1.41388102e-01 1.05060952e-01]
 [1.67930999e-01 8.10250496e-02 5.71227759e-02]
 [9.69781772e-02 4.58068713e-02 3.02087180e-02]
 [5.28237166e-02 2.09178571e-02 1.39470518e-02]
 [2.58044355e-02 1.04258099e-02 5.94664552e-03]
 [1.22982851e-02 3.98314157e-03 2.56628229e-03]
 [5.32098925e-03 2.02015992e-03 1.18751474e-03]
 [2.60182738e-03 9.24045257e-04 4.29815831e-04]
 [1.03812847e-03 2.63390474e-04 1.36589866e-04]
 [3.49295478e-04 1.01228100e-04 5.78289564e-05]
 [1.45416842e-04 4.08675726e-05 2.15735630e-05]
 [6.19281382e-05 1.15507337e-05 5.68615270e-06]
 [1.99055634e-05 2.57428326e-06 1.18257824e-06]
 [4.57487570e-06 6.23948556e-07 2.16339032e-07]
 [9.48464114e-07 1.44499593e-07 3.26035527e-08]
 [1.61497644e-07 1.51132701e-08 3.29062560e-09]
 [1.93372531e-08 2.25104462e-09 5.21127100e-10]
 [2.99898104e-09 3.75661247e-10 5.60160068e-11]
 [3.67773232e-10 4.61905245e-11 8.58894078e-12]
 [5.37428390e-11 6.91029611e-12 1.30510282e-12]
 [8.11138720e-12 8.21638783e-13 1.33801614e-13]
 [9.77255151e-13 8.16548084e-14 1.92976035e-14]
 [1.19768361e-13 1.77294813e-14 5.20901154e-15]
 [2.42394119e-14 2.44339479e-15 5.94378901e-16]
 [2.83928623e-15 3.80812266e-16 1.76489696e-16]
 [6.19657673e-16 1.07943998e-16 4.64909542e-17]
 [1.79525705e-16 3.18036392e-17 8.22319891e-18]
 [3.45807317e-17 3.90039017e-18 1.61551423e-18]
 [7.49903280e-18 1.02676286e-18 2.45048105e-19]
 [1.36446137e-18 1.72167288e-19 2.99028767e-20]
 [2.09119747e-19 2.93109255e-20 1.69125805e-20]
 [2.66979656e-20 1.57912750e-20 9.60688520e-20]
 [1.70114392e-20 7.98878938e-20 7.01314332e-19]
 [1.24716510e-19 6.53263961e-19 7.10190413e-18]
 [7.33723341e-19 5.18575334e-18 6.68039574e-17]
 [7.52151516e-18 3.78555539e-17 5.71310577e-16]
 [6.44261964e-17 3.56677722e-16 4.61257143e-15]
 [6.16321894e-16 3.61292663e-15 4.01946039e-14]
 [5.22378742e-15 2.99344779e-14 2.90128657e-13]
 [4.06675638e-14 1.32057525e-13 1.76720397e-12]
 [3.00743608e-13 1.18293513e-12 1.02219399e-11]
 [1.75702285e-12 4.14695735e-12 6.17811539e-11]
 [1.13351357e-11 4.11330426e-11 3.65109474e-10]
 [7.06025673e-11 2.54952836e-10 2.34274985e-09]
 [4.10799769e-10 1.44412697e-09 2.55644010e-08]
 [3.02587243e-09 2.12074583e-08 4.33225083e-07]
 [4.97566220e-08 2.69014368e-07 9.27648069e-06]
 [7.09043952e-07 1.24440673e-05 1.21512095e-04]
 [2.05071733e-05 1.14231836e-04 7.08341705e-04]
 [1.44078507e-04 4.14319387e-04 2.57023352e-03]
 [7.30107774e-04 2.17165319e-03 8.40946428e-03]
 [3.08110938e-03 6.98740616e-03 2.30103732e-02]
 [9.50483112e-03 1.54079970e-02 6.17364081e-02]
 [2.53094076e-02 4.08121453e-02 1.55368207e-01]
 [6.46491557e-02 1.22020855e-01 3.73105109e-01]
 [1.60309188e-01 2.79927417e-01 1.06378076e+00]
 [4.12725399e-01 8.19414301e-01 3.15206292e+00]]