[[2.42813794e+00 4.64078631e+00 1.18804620e+01]
 [6.78582545e+00 9.79356918e+00 2.18216152e+01]
 [1.39222394e+01 1.78541277e+01 3.42763409e+01]
 [2.50762344e+01 2.86234129e+01 4.66880091e+01]
 [3.68125710e+01 4.25366476e+01 5.94640524e+01]
 [5.00149976e+01 5.58097828e+01 7.09749716e+01]
 [6.18633565e+01 6.87225343e+01 8.08315085e+01]
 [7.24966712e+01 8.01268707e+01 8.99903749e+01]
 [8.09829842e+01 9.99954827e+01 8.09912034e+01]
 [8.99955460e+01 8.08901556e+01 7.28913719e+01]
 [8.09956266e+01 7.28073752e+01 6.56011895e+01]
 [7.28956894e+01 6.55021453e+01 5.90409401e+01]
 [6.56057455e+01 5.89459860e+01 5.31360694e+01]
 [5.90448034e+01 5.30535260e+01 4.78219963e+01]
 [5.31399820e+01 4.77398158e+01 4.30393627e+01]
 [4.78256539e+01 4.29505084e+01 3.87346254e+01]
 [4.30427439e+01 3.86550996e+01 3.48610468e+01]
 [3.87381392e+01 3.47743262e+01 3.13735360e+01]
 [3.48640128e+01 3.12957722e+01 2.82354453e+01]
 [3.13772871e+01 2.81630932e+01 2.54119403e+01]
 [2.82392440e+01 2.53409880e+01 2.28699987e+01]
 [2.54149867e+01 2.28049386e+01 2.05822666e+01]
 [2.28731806e+01 2.05226750e+01 1.85234344e+01]
 [2.05855658e+01 1.84698034e+01 1.66711401e+01]
 [1.85267362e+01 1.66068646e+01 1.50031676e+01]
 [1.66737676e+01 1.49503535e+01 1.35021119e+01]
 [1.50061093e+01 1.34507439e+01 1.21514922e+01]
 [1.35052236e+01 1.21071087e+01 1.09364450e+01]
 [1.21544373e+01 1.08959694e+01 9.84199506e+00]
 [1.09387348e+01 9.79031078e+00 8.85740954e+00]
 [9.84461781e+00 8.81460571e+00 7.96708779e+00]
 [8.85698068e+00 7.77972808e+00 7.08086215e+00]
 [7.92667208e+00 6.62740084e+00 6.00414584e+00]
 [6.89748643e+00 5.35908261e+00 4.78784545e+00]
 [5.70760190e+00 4.10396755e+00 3.58369030e+00]
 [4.43945080e+00 3.02877406e+00 2.57348818e+00]
 [3.28540106e+00 2.23846321e+00 1.88112503e+00]
 [2.41034405e+00 1.59389786e+00 1.35692641e+00]
 [1.76951041e+00 1.19098914e+00 1.00514491e+00]
 [1.29892724e+00 8.46347608e-01 7.08349137e-01]
 [9.46099585e-01 5.82771502e-01 4.60001967e-01]
 [6.44106825e-01 3.95967003e-01 2.94460652e-01]
 [4.24422376e-01 2.60213498e-01 1.93951472e-01]
 [2.84830640e-01 1.65175675e-01 1.22807419e-01]
 [1.82318110e-01 1.06560299e-01 7.98207969e-02]
 [1.20443304e-01 6.26161537e-02 4.05876278e-02]
 [6.93286969e-02 3.13585391e-02 1.99700966e-02]
 [3.72940886e-02 1.39645786e-02 6.35383489e-03]
 [1.49956452e-02 4.35274571e-03 3.07670600e-03]
 [6.45212904e-03 2.31991172e-03 1.22696305e-03]
 [2.88103959e-03 9.00601763e-04 4.14868004e-04]
 [1.18144335e-03 2.73174237e-04 1.25224014e-04]
 [4.01826649e-04 8.81963728e-05 3.26883286e-05]
 [1.15222144e-04 1.24487338e-05 4.22883639e-06]
 [2.11962570e-05 2.02965650e-06 5.19428979e-07]
 [2.86109899e-06 2.90246250e-07 8.75170256e-08]
 [4.57948050e-07 6.90918308e-08 1.20444004e-08]
 [6.94913055e-08 6.75394755e-09 1.67220727e-09]
 [1.08236531e-08 1.16093830e-09 2.10199281e-10]
 [1.18365430e-09 1.19135494e-10 3.16894181e-11]
 [1.81629689e-10 1.59903905e-11 3.18858678e-12]
 [1.89131777e-11 2.01118794e-12 4.58537900e-13]
 [2.59819245e-12 2.17839993e-13 4.70229609e-14]
 [3.53598256e-13 2.59933554e-14 2.81101229e-15]
 [3.01352656e-14 1.66711439e-15 1.48052497e-16]
 [2.31799231e-15 1.37244975e-16 9.79818372e-18]
 [1.70478555e-16 8.02380688e-18 7.90791265e-19]
 [1.39480854e-17 2.74298822e-19 3.76666460e-20]
 [4.24949165e-19 2.40517789e-20 1.60669180e-19]
 [4.05150395e-20 1.16262916e-19 6.48725462e-19]
 [1.61286176e-19 4.65157907e-19 2.47360720e-18]
 [6.45265197e-19 1.89359893e-18 9.75312392e-18]
 [2.66587890e-18 5.81076887e-18 3.34849337e-17]
 [8.72982579e-18 2.17626676e-17 1.26694069e-16]
 [3.11739222e-17 1.07747620e-16 5.92639955e-16]
 [1.45378652e-16 4.18987848e-16 2.14848948e-15]
 [5.77698972e-16 1.25863098e-15 6.78394779e-15]
 [1.96467254e-15 4.42928068e-15 2.16046086e-14]
 [6.53474220e-15 1.76661697e-14 7.23540812e-14]
 [2.10127424e-14 4.47535113e-14 2.60750083e-13]
 [8.26387038e-14 1.73077101e-13 7.78732518e-13]
 [2.54827465e-13 6.66802647e-13 2.96996226e-12]
 [8.64253358e-13 2.02065140e-12 1.16779441e-11]
 [2.52718501e-12 1.00916907e-11 5.40497605e-11]
 [1.18988168e-11 4.27320093e-11 2.75361286e-10]
 [6.79165254e-11 2.10373457e-10 1.07097631e-09]
 [2.69372782e-10 7.48411230e-10 5.53814769e-09]
 [1.23033885e-09 4.05760253e-09 3.31822775e-08]
 [6.09652618e-09 3.12889532e-08 2.19931446e-07]
 [4.79248466e-08 1.56099263e-07 1.05674431e-06]
 [1.89559860e-07 8.81414951e-07 9.23450284e-06]
 [1.20608695e-06 6.62652274e-06 1.25331842e-04]
 [1.84933240e-05 1.00430493e-04 8.66817565e-04]
 [1.41840370e-04 5.67291385e-04 4.64071081e-03]
 [1.07276526e-03 3.40508109e-03 1.83855900e-02]
 [5.14248483e-03 1.24839316e-02 6.46610014e-02]
 [2.22878371e-02 4.49676202e-02 1.89982199e-01]
 [6.58709881e-02 1.18884764e-01 5.78562406e-01]
 [2.03849999e-01 4.26756456e-01 1.89968390e+00]
 [7.10363758e-01 1.49856073e+00 5.43627006e+00]]