[[2.67160146e-08 8.22845163e-07 2.00175308e-04]
 [3.55609288e-06 1.09557784e-04 1.60223172e-02]
 [7.38160696e-04 6.54059352e-03 3.11576427e-01]
 [3.17171785e-02 3.07690647e-01 6.60226003e+00]
 [1.16078516e+00 6.86057858e+00 3.21045969e+01]
 [1.04691147e+01 2.62497547e+01 6.78092210e+01]
 [4.35053042e+01 6.39244757e+01 8.72316589e+01]
 [7.48593038e+01 8.64599788e+01 9.99738273e+01]
 [8.83472467e+01 9.99801031e+01 8.82849652e+01]
 [9.99802510e+01 8.83444077e+01 7.96589899e+01]
 [8.88248603e+01 7.95408235e+01 7.15880775e+01]
 [8.07472246e+01 7.20430045e+01 6.45074108e+01]
 [7.22380347e+01 6.42545104e+01 5.80846932e+01]
 [6.48751199e+01 5.81404518e+01 5.23786535e+01]
 [5.87857180e+01 5.24724734e+01 4.70933287e+01]
 [5.31597013e+01 4.71356978e+01 4.25195580e+01]
 [4.76136479e+01 4.25168130e+01 3.82988956e+01]
 [4.28825690e+01 3.82127766e+01 3.44091764e+01]
 [3.85503825e+01 3.44786343e+01 3.11729507e+01]
 [3.46483946e+01 3.06784936e+01 2.75908662e+01]
 [3.11928322e+01 2.78428236e+01 2.51668758e+01]
 [2.82035489e+01 2.49297299e+01 2.23899661e+01]
 [2.53513921e+01 2.24380045e+01 2.02322402e+01]
 [2.28164945e+01 2.03267188e+01 1.82974466e+01]
 [2.06106791e+01 1.81767163e+01 1.65148470e+01]
 [1.86151731e+01 1.63586676e+01 1.46816999e+01]
 [1.67754380e+01 1.47427058e+01 1.32338583e+01]
 [1.51869094e+01 1.33660892e+01 1.19031910e+01]
 [1.36595473e+01 1.19020649e+01 1.06215654e+01]
 [1.23182982e+01 1.05955694e+01 9.58421426e+00]
 [1.10750459e+01 9.63889316e+00 8.35550019e+00]
 [9.71278887e+00 6.86565776e+00 4.68226213e+00]
 [7.43669479e+00 3.26982031e+00 1.57971697e+00]
 [3.42249464e+00 9.26178812e-01 3.20053693e-01]
 [1.16558759e+00 1.56918625e-01 5.14651108e-02]
 [1.88665685e-01 9.33207107e-03 2.15412475e-03]
 [2.33432939e-02 1.39772840e-03 6.88941968e-05]
 [9.54421427e-04 1.73154282e-04 9.21802058e-06]
 [7.14458082e-05 4.08776319e-06 8.40520992e-07]
 [2.93928571e-06 1.55570029e-07 3.31635110e-08]
 [5.48337133e-07 1.03898103e-08 9.45507693e-10]
 [3.38078529e-08 3.32050086e-09 1.90805378e-10]
 [8.03065617e-10 7.40702276e-12 1.76670775e-13]
 [2.57191415e-10 5.01691605e-14 1.08343093e-15]
 [5.58504462e-13 7.37824008e-16 4.18893628e-17]
 [4.02819524e-15 1.07088841e-17 1.88147696e-18]
 [1.72343405e-16 9.02720853e-25 2.85928009e-26]
 [2.97963463e-19 2.36863092e-24 1.08879408e-24]
 [6.18097428e-23 1.59789010e-24 1.24176362e-27]
 [5.69901854e-26 4.28830197e-26 1.10211027e-31]
 [1.46800881e-26 2.38475256e-30 2.65615591e-32]
 [2.74056958e-32 7.67397075e-36 2.69742423e-49]
 [1.08604275e-45 7.85784714e-49 3.85875028e-50]
 [1.52003480e-48 1.37710471e-50 4.65206643e-51]
 [2.59746870e-49 0.00000000e+00 0.00000000e+00]
 [0.00000000e+00 0.00000000e+00 0.00000000e+00]
 [0.00000000e+00 0.00000000e+00 0.00000000e+00]
 [0.00000000e+00 0.00000000e+00 0.00000000e+00]
 [0.00000000e+00 0.00000000e+00 0.00000000e+00]
 [0.00000000e+00 0.00000000e+00 0.00000000e+00]
 [0.00000000e+00 0.00000000e+00 0.00000000e+00]
 [0.00000000e+00 0.00000000e+00 0.00000000e+00]
 [0.00000000e+00 0.00000000e+00 0.00000000e+00]
 [0.00000000e+00 0.00000000e+00 0.00000000e+00]
 [0.00000000e+00 0.00000000e+00 0.00000000e+00]
 [0.00000000e+00 0.00000000e+00 0.00000000e+00]
 [0.00000000e+00 0.00000000e+00 0.00000000e+00]
 [0.00000000e+00 0.00000000e+00 0.00000000e+00]
 [0.00000000e+00 0.00000000e+00 0.00000000e+00]
 [0.00000000e+00 0.00000000e+00 0.00000000e+00]
 [0.00000000e+00 0.00000000e+00 0.00000000e+00]
 [0.00000000e+00 0.00000000e+00 0.00000000e+00]
 [0.00000000e+00 0.00000000e+00 0.00000000e+00]
 [0.00000000e+00 0.00000000e+00 0.00000000e+00]
 [0.00000000e+00 0.00000000e+00 0.00000000e+00]
 [0.00000000e+00 0.00000000e+00 0.00000000e+00]
 [0.00000000e+00 0.00000000e+00 0.00000000e+00]
 [0.00000000e+00 0.00000000e+00 0.00000000e+00]
 [0.00000000e+00 0.00000000e+00 0.00000000e+00]
 [0.00000000e+00 0.00000000e+00 0.00000000e+00]
 [0.00000000e+00 0.00000000e+00 0.00000000e+00]
 [0.00000000e+00 0.00000000e+00 0.00000000e+00]
 [0.00000000e+00 0.00000000e+00 0.00000000e+00]
 [0.00000000e+00 0.00000000e+00 0.00000000e+00]
 [0.00000000e+00 0.00000000e+00 0.00000000e+00]
 [0.00000000e+00 0.00000000e+00 0.00000000e+00]
 [0.00000000e+00 0.00000000e+00 0.00000000e+00]
 [0.00000000e+00 0.00000000e+00 0.00000000e+00]
 [0.00000000e+00 0.00000000e+00 0.00000000e+00]
 [0.00000000e+00 0.00000000e+00 0.00000000e+00]
 [0.00000000e+00 0.00000000e+00 0.00000000e+00]
 [0.00000000e+00 0.00000000e+00 0.00000000e+00]
 [0.00000000e+00 0.00000000e+00 0.00000000e+00]
 [0.00000000e+00 0.00000000e+00 0.00000000e+00]
 [0.00000000e+00 0.00000000e+00 0.00000000e+00]
 [0.00000000e+00 0.00000000e+00 0.00000000e+00]
 [0.00000000e+00 0.00000000e+00 0.00000000e+00]
 [0.00000000e+00 0.00000000e+00 5.84963157e-11]
 [0.00000000e+00 0.00000000e+00 5.84963157e-11]
 [0.00000000e+00 0.00000000e+00 2.49663885e-06]]