[[4.12121316e-07 7.16378004e-06 4.84192369e-03]
 [1.32662829e-05 3.17167314e-04 1.44250207e-02]
 [1.19581061e-03 1.30023206e-02 7.52914409e-01]
 [4.97793025e-02 3.49707348e-01 5.22575911e+00]
 [8.47241954e-01 2.46930431e+00 2.08797597e+01]
 [7.01146264e+00 2.03700278e+01 6.36752560e+01]
 [3.48006669e+01 5.60017781e+01 8.73029154e+01]
 [7.33715725e+01 8.55594905e+01 9.99723514e+01]
 [8.80948047e+01 9.99777121e+01 8.85291185e+01]
 [9.99776863e+01 8.84932628e+01 8.00518769e+01]
 [8.86670275e+01 7.96389641e+01 7.19531223e+01]
 [8.08069599e+01 7.17864419e+01 6.45501278e+01]
 [7.20485386e+01 6.45237477e+01 5.77619408e+01]
 [6.48843435e+01 5.79093424e+01 5.24517275e+01]
 [5.85740252e+01 5.24917589e+01 4.69804784e+01]
 [5.24912910e+01 4.70190026e+01 4.23822061e+01]
 [4.74633805e+01 4.27720747e+01 3.81612137e+01]
 [4.25484759e+01 3.82391589e+01 3.43849801e+01]
 [3.86560188e+01 3.46608021e+01 3.09717228e+01]
 [3.50846411e+01 3.08573752e+01 2.77418526e+01]
 [3.14978970e+01 2.78083388e+01 2.50774547e+01]
 [2.83461499e+01 2.51179692e+01 2.27150107e+01]
 [2.54472725e+01 2.26204016e+01 2.02685929e+01]
 [2.28969598e+01 2.03974552e+01 1.81679040e+01]
 [2.06407474e+01 1.82289197e+01 1.65034764e+01]
 [1.86874183e+01 1.63801957e+01 1.48070243e+01]
 [1.67872735e+01 1.47429468e+01 1.32011444e+01]
 [1.51529051e+01 1.32284048e+01 1.19132209e+01]
 [1.37781629e+01 1.19304463e+01 1.06657513e+01]
 [1.23014214e+01 1.07371492e+01 9.53877941e+00]
 [1.11696878e+01 9.58446677e+00 8.17102642e+00]
 [9.70955946e+00 6.37713080e+00 4.87668434e+00]
 [7.48415251e+00 3.19347972e+00 1.52074744e+00]
 [3.53501792e+00 6.60723956e-01 2.88968104e-01]
 [1.07432525e+00 1.53197573e-01 4.51077734e-02]
 [2.42000525e-01 2.29732169e-02 4.37168670e-03]
 [2.51381409e-02 1.22336895e-03 1.16753811e-04]
 [2.55909140e-03 3.25789315e-05 9.15466304e-06]
 [4.28925899e-05 9.99448742e-06 5.01026830e-07]
 [1.70597257e-06 5.69067701e-08 1.21814623e-08]
 [2.86996761e-07 9.38644572e-09 4.58321462e-11]
 [1.65451177e-09 7.18975913e-11 1.84325877e-11]
 [6.89654220e-10 1.82707879e-11 3.39385670e-14]
 [8.37061429e-12 5.33670292e-14 2.67998285e-15]
 [8.35595386e-14 2.31271187e-15 7.32108025e-17]
 [2.35560547e-14 5.61768325e-17 6.99503348e-19]
 [7.09334226e-17 1.68023931e-18 2.11614932e-20]
 [1.22322140e-18 5.25203598e-21 2.63748486e-27]
 [5.12159854e-21 4.66952880e-30 5.04096793e-32]
 [8.34695389e-27 8.84531974e-33 1.71023749e-35]
 [3.42456204e-32 9.08258855e-37 1.25562941e-35]
 [0.00000000e+00 0.00000000e+00 0.00000000e+00]
 [0.00000000e+00 0.00000000e+00 0.00000000e+00]
 [0.00000000e+00 0.00000000e+00 0.00000000e+00]
 [0.00000000e+00 0.00000000e+00 0.00000000e+00]
 [0.00000000e+00 0.00000000e+00 0.00000000e+00]
 [0.00000000e+00 0.00000000e+00 0.00000000e+00]
 [0.00000000e+00 0.00000000e+00 0.00000000e+00]
 [0.00000000e+00 0.00000000e+00 0.00000000e+00]
 [0.00000000e+00 0.00000000e+00 0.00000000e+00]
 [0.00000000e+00 0.00000000e+00 0.00000000e+00]
 [0.00000000e+00 0.00000000e+00 0.00000000e+00]
 [0.00000000e+00 0.00000000e+00 0.00000000e+00]
 [0.00000000e+00 0.00000000e+00 0.00000000e+00]
 [0.00000000e+00 0.00000000e+00 0.00000000e+00]
 [0.00000000e+00 0.00000000e+00 0.00000000e+00]
 [0.00000000e+00 0.00000000e+00 0.00000000e+00]
 [0.00000000e+00 0.00000000e+00 0.00000000e+00]
 [0.00000000e+00 0.00000000e+00 0.00000000e+00]
 [0.00000000e+00 0.00000000e+00 0.00000000e+00]
 [0.00000000e+00 0.00000000e+00 0.00000000e+00]
 [0.00000000e+00 0.00000000e+00 0.00000000e+00]
 [0.00000000e+00 0.00000000e+00 0.00000000e+00]
 [0.00000000e+00 0.00000000e+00 0.00000000e+00]
 [0.00000000e+00 0.00000000e+00 0.00000000e+00]
 [0.00000000e+00 0.00000000e+00 0.00000000e+00]
 [0.00000000e+00 0.00000000e+00 0.00000000e+00]
 [0.00000000e+00 0.00000000e+00 0.00000000e+00]
 [0.00000000e+00 0.00000000e+00 0.00000000e+00]
 [0.00000000e+00 0.00000000e+00 0.00000000e+00]
 [0.00000000e+00 0.00000000e+00 0.00000000e+00]
 [0.00000000e+00 0.00000000e+00 0.00000000e+00]
 [0.00000000e+00 0.00000000e+00 0.00000000e+00]
 [0.00000000e+00 0.00000000e+00 0.00000000e+00]
 [0.00000000e+00 0.00000000e+00 0.00000000e+00]
 [0.00000000e+00 0.00000000e+00 0.00000000e+00]
 [0.00000000e+00 0.00000000e+00 0.00000000e+00]
 [0.00000000e+00 0.00000000e+00 0.00000000e+00]
 [0.00000000e+00 0.00000000e+00 0.00000000e+00]
 [0.00000000e+00 0.00000000e+00 0.00000000e+00]
 [0.00000000e+00 0.00000000e+00 0.00000000e+00]
 [0.00000000e+00 0.00000000e+00 0.00000000e+00]
 [0.00000000e+00 0.00000000e+00 0.00000000e+00]
 [0.00000000e+00 0.00000000e+00 0.00000000e+00]
 [0.00000000e+00 0.00000000e+00 0.00000000e+00]
 [0.00000000e+00 0.00000000e+00 0.00000000e+00]
 [0.00000000e+00 0.00000000e+00 0.00000000e+00]
 [0.00000000e+00 0.00000000e+00 0.00000000e+00]
 [0.00000000e+00 0.00000000e+00 0.00000000e+00]
 [0.00000000e+00 7.30869268e-10 4.56320659e-05]]