[[7.05110889e-08 7.55950935e-09 3.62697675e-05]
 [9.33835005e-07 3.72403090e-03 8.27289725e-02]
 [2.17197869e-03 3.79332427e-02 1.28523001e+00]
 [1.83588303e-01 7.74033331e-01 9.29592013e+00]
 [2.67365014e+00 8.94657432e+00 3.43963565e+01]
 [1.42029902e+01 2.69071438e+01 6.78542775e+01]
 [4.41661137e+01 6.14768155e+01 8.76066279e+01]
 [7.56125790e+01 8.72475275e+01 9.99765731e+01]
 [8.80811252e+01 9.99813060e+01 8.82484798e+01]
 [9.99813160e+01 8.86337173e+01 8.02937889e+01]
 [8.86155222e+01 8.01240273e+01 7.16692911e+01]
 [8.01017563e+01 7.17768889e+01 6.48905472e+01]
 [7.19594598e+01 6.44037388e+01 5.84716756e+01]
 [6.52476107e+01 5.81011431e+01 5.22607715e+01]
 [5.84737274e+01 5.25266538e+01 4.71962225e+01]
 [5.25186503e+01 4.71427658e+01 4.26206826e+01]
 [4.73626154e+01 4.24950526e+01 3.82262702e+01]
 [4.30924851e+01 3.81725355e+01 3.43608495e+01]
 [3.87979190e+01 3.43633277e+01 3.07933158e+01]
 [3.51240121e+01 3.09623828e+01 2.77905732e+01]
 [3.17582604e+01 2.79667971e+01 2.50959744e+01]
 [2.86945099e+01 2.51220689e+01 2.24884138e+01]
 [2.58811077e+01 2.26098260e+01 2.04197656e+01]
 [2.32856986e+01 2.02300514e+01 1.83328843e+01]
 [2.08515378e+01 1.84209874e+01 1.64704100e+01]
 [1.88892716e+01 1.64709731e+01 1.49526716e+01]
 [1.70235748e+01 1.47964188e+01 1.33919262e+01]
 [1.53270963e+01 1.32774053e+01 1.19012642e+01]
 [1.37819073e+01 1.19178501e+01 1.07853509e+01]
 [1.24274562e+01 1.07416557e+01 9.61743583e+00]
 [1.12328137e+01 9.73897738e+00 8.42814689e+00]
 [9.65790029e+00 6.48090866e+00 4.62439070e+00]
 [7.22539132e+00 2.67822524e+00 1.45452096e+00]
 [3.40662105e+00 6.98499055e-01 2.87686505e-01]
 [1.04691184e+00 1.66947515e-01 2.80172097e-02]
 [1.67897307e-01 1.69585281e-02 4.48096919e-03]
 [3.85306770e-02 1.86958097e-03 4.03614754e-04]
 [2.17353668e-03 1.41718403e-04 2.29609592e-05]
 [1.34528692e-04 6.16924315e-06 2.99760683e-07]
 [4.70136574e-06 1.03468631e-07 7.03632388e-09]
 [8.41826224e-07 6.41968216e-09 3.57023372e-09]
 [8.60757280e-09 1.08773522e-09 3.83805973e-11]
 [2.50422711e-10 1.67959800e-11 1.16402786e-12]
 [1.74747059e-11 3.07071593e-12 2.98949539e-14]
 [1.28685154e-12 4.27939313e-15 1.27306720e-16]
 [3.05315204e-15 4.33126006e-17 2.77229442e-18]
 [1.82238901e-17 2.74236090e-17 1.81218504e-19]
 [9.15276727e-20 6.75045272e-26 1.05695341e-25]
 [2.43148990e-25 4.36644534e-27 3.52761907e-30]
 [6.29644207e-30 1.13071794e-31 1.49102416e-31]
 [3.49820886e-30 2.35314533e-31 3.39236835e-32]
 [1.79720557e-31 2.30149672e-35 5.62871383e-34]
 [3.13774668e-32 8.38243077e-34 1.94026536e-39]
 [5.18805237e-36 7.42205984e-40 1.48023745e-39]
 [4.14408701e-38 0.00000000e+00 0.00000000e+00]
 [0.00000000e+00 0.00000000e+00 0.00000000e+00]
 [0.00000000e+00 0.00000000e+00 0.00000000e+00]
 [0.00000000e+00 0.00000000e+00 0.00000000e+00]
 [0.00000000e+00 0.00000000e+00 0.00000000e+00]
 [0.00000000e+00 0.00000000e+00 0.00000000e+00]
 [0.00000000e+00 0.00000000e+00 0.00000000e+00]
 [0.00000000e+00 0.00000000e+00 0.00000000e+00]
 [0.00000000e+00 0.00000000e+00 0.00000000e+00]
 [0.00000000e+00 0.00000000e+00 0.00000000e+00]
 [0.00000000e+00 0.00000000e+00 0.00000000e+00]
 [0.00000000e+00 0.00000000e+00 0.00000000e+00]
 [0.00000000e+00 0.00000000e+00 0.00000000e+00]
 [0.00000000e+00 0.00000000e+00 0.00000000e+00]
 [0.00000000e+00 0.00000000e+00 0.00000000e+00]
 [0.00000000e+00 0.00000000e+00 0.00000000e+00]
 [0.00000000e+00 0.00000000e+00 0.00000000e+00]
 [0.00000000e+00 0.00000000e+00 0.00000000e+00]
 [0.00000000e+00 0.00000000e+00 0.00000000e+00]
 [0.00000000e+00 0.00000000e+00 0.00000000e+00]
 [0.00000000e+00 0.00000000e+00 0.00000000e+00]
 [0.00000000e+00 0.00000000e+00 0.00000000e+00]
 [0.00000000e+00 0.00000000e+00 0.00000000e+00]
 [0.00000000e+00 0.00000000e+00 0.00000000e+00]
 [0.00000000e+00 0.00000000e+00 0.00000000e+00]
 [0.00000000e+00 0.00000000e+00 0.00000000e+00]
 [0.00000000e+00 0.00000000e+00 0.00000000e+00]
 [0.00000000e+00 0.00000000e+00 0.00000000e+00]
 [0.00000000e+00 0.00000000e+00 0.00000000e+00]
 [0.00000000e+00 0.00000000e+00 0.00000000e+00]
 [0.00000000e+00 0.00000000e+00 0.00000000e+00]
 [0.00000000e+00 0.00000000e+00 0.00000000e+00]
 [0.00000000e+00 0.00000000e+00 0.00000000e+00]
 [0.00000000e+00 0.00000000e+00 0.00000000e+00]
 [0.00000000e+00 0.00000000e+00 0.00000000e+00]
 [0.00000000e+00 0.00000000e+00 0.00000000e+00]
 [0.00000000e+00 0.00000000e+00 0.00000000e+00]
 [0.00000000e+00 0.00000000e+00 0.00000000e+00]
 [0.00000000e+00 0.00000000e+00 0.00000000e+00]
 [0.00000000e+00 0.00000000e+00 0.00000000e+00]
 [0.00000000e+00 0.00000000e+00 0.00000000e+00]
 [0.00000000e+00 0.00000000e+00 0.00000000e+00]
 [0.00000000e+00 0.00000000e+00 0.00000000e+00]
 [0.00000000e+00 0.00000000e+00 0.00000000e+00]
 [0.00000000e+00 0.00000000e+00 0.00000000e+00]
 [0.00000000e+00 0.00000000e+00 2.17403918e-07]]