[[1.31357810e-07 4.69502807e-05 1.30795482e-03]
 [2.55657816e-04 4.68848668e-03 1.05340344e-01]
 [2.73383075e-03 3.39025537e-02 5.30256038e-01]
 [1.02683134e-01 2.90192759e-01 4.47278503e+00]
 [1.54500331e+00 5.13297635e+00 2.90861812e+01]
 [8.83907015e+00 2.57521574e+01 6.76535500e+01]
 [4.25352788e+01 5.99317917e+01 8.75334771e+01]
 [7.51596415e+01 8.56676402e+01 9.99753609e+01]
 [8.76519787e+01 9.99808164e+01 8.83919376e+01]
 [9.99805640e+01 8.85328397e+01 7.90172924e+01]
 [8.88737207e+01 7.93953691e+01 7.17621933e+01]
 [8.01765329e+01 7.16063368e+01 6.45202627e+01]
 [7.20412353e+01 6.45550886e+01 5.79035402e+01]
 [6.59402128e+01 5.76479445e+01 5.25001488e+01]
 [5.90288189e+01 5.26789233e+01 4.71495688e+01]
 [5.28237392e+01 4.74749793e+01 4.23132655e+01]
 [4.76794553e+01 4.22024051e+01 3.81513656e+01]
 [4.29127263e+01 3.82759208e+01 3.46439561e+01]
 [3.89599824e+01 3.44352038e+01 3.13378382e+01]
 [3.48134378e+01 3.11443531e+01 2.78874710e+01]
 [3.14631717e+01 2.79352276e+01 2.49312003e+01]
 [2.86818215e+01 2.51209497e+01 2.24843885e+01]
 [2.59090601e+01 2.24330430e+01 2.02415666e+01]
 [2.31720139e+01 2.03018519e+01 1.83136932e+01]
 [2.08441992e+01 1.81627480e+01 1.64081826e+01]
 [1.87098219e+01 1.63991563e+01 1.46304132e+01]
 [1.69890992e+01 1.46655258e+01 1.32182085e+01]
 [1.53188750e+01 1.31714711e+01 1.18905885e+01]
 [1.37389364e+01 1.17848864e+01 1.06072389e+01]
 [1.23922627e+01 1.06833297e+01 9.50512113e+00]
 [1.12428917e+01 9.58280349e+00 8.24985723e+00]
 [9.62286095e+00 6.45647789e+00 4.75225526e+00]
 [7.23457370e+00 3.06638566e+00 1.66290911e+00]
 [3.44453472e+00 9.03547465e-01 3.92519328e-01]
 [1.15925099e+00 1.81118833e-01 5.33879758e-02]
 [2.22058835e-01 2.40017689e-02 2.03501014e-03]
 [2.58695512e-02 1.55911358e-03 4.40645228e-04]
 [2.63764305e-03 2.97820933e-05 1.70930529e-05]
 [2.07072770e-04 5.15481895e-06 6.92053194e-08]
 [2.26277054e-05 1.47808355e-07 1.46404971e-08]
 [1.58902984e-07 1.26800930e-08 3.65896324e-10]
 [2.49451238e-08 1.72037479e-09 4.11570212e-11]
 [1.58451126e-09 7.52700874e-11 1.70817186e-13]
 [8.89488725e-12 2.00792259e-13 4.06061067e-15]
 [3.50805459e-13 8.11771581e-15 1.01422352e-17]
 [2.01907288e-15 1.52890994e-16 2.76535885e-18]
 [6.85390142e-17 1.71633014e-18 1.49415787e-20]
 [1.62931501e-18 9.82045543e-21 5.42152788e-26]
 [1.10037670e-23 4.98938449e-26 3.22880447e-27]
 [2.12285000e-25 2.20896599e-27 8.20940366e-52]
 [1.46948976e-28 7.41476670e-54 3.27742090e-55]
 [1.66267236e-51 7.81341088e-55 4.69591238e-57]
 [3.27086619e-55 6.66673532e-56 5.26652794e-59]
 [3.53370341e-57 2.38842490e-57 0.00000000e+00]
 [3.70017863e-59 0.00000000e+00 0.00000000e+00]
 [0.00000000e+00 0.00000000e+00 0.00000000e+00]
 [0.00000000e+00 0.00000000e+00 0.00000000e+00]
 [0.00000000e+00 0.00000000e+00 0.00000000e+00]
 [0.00000000e+00 0.00000000e+00 0.00000000e+00]
 [0.00000000e+00 0.00000000e+00 0.00000000e+00]
 [0.00000000e+00 0.00000000e+00 0.00000000e+00]
 [0.00000000e+00 0.00000000e+00 0.00000000e+00]
 [0.00000000e+00 0.00000000e+00 0.00000000e+00]
 [0.00000000e+00 0.00000000e+00 0.00000000e+00]
 [0.00000000e+00 0.00000000e+00 0.00000000e+00]
 [0.00000000e+00 0.00000000e+00 0.00000000e+00]
 [0.00000000e+00 0.00000000e+00 0.00000000e+00]
 [0.00000000e+00 0.00000000e+00 0.00000000e+00]
 [0.00000000e+00 0.00000000e+00 0.00000000e+00]
 [0.00000000e+00 0.00000000e+00 0.00000000e+00]
 [0.00000000e+00 0.00000000e+00 0.00000000e+00]
 [0.00000000e+00 0.00000000e+00 0.00000000e+00]
 [0.00000000e+00 0.00000000e+00 0.00000000e+00]
 [0.00000000e+00 0.00000000e+00 0.00000000e+00]
 [0.00000000e+00 0.00000000e+00 0.00000000e+00]
 [0.00000000e+00 0.00000000e+00 0.00000000e+00]
 [0.00000000e+00 0.00000000e+00 0.00000000e+00]
 [0.00000000e+00 0.00000000e+00 0.00000000e+00]
 [0.00000000e+00 0.00000000e+00 0.00000000e+00]
 [0.00000000e+00 0.00000000e+00 0.00000000e+00]
 [0.00000000e+00 0.00000000e+00 0.00000000e+00]
 [0.00000000e+00 0.00000000e+00 0.00000000e+00]
 [0.00000000e+00 0.00000000e+00 0.00000000e+00]
 [0.00000000e+00 0.00000000e+00 0.00000000e+00]
 [0.00000000e+00 0.00000000e+00 0.00000000e+00]
 [0.00000000e+00 0.00000000e+00 0.00000000e+00]
 [0.00000000e+00 0.00000000e+00 0.00000000e+00]
 [0.00000000e+00 0.00000000e+00 0.00000000e+00]
 [0.00000000e+00 0.00000000e+00 0.00000000e+00]
 [0.00000000e+00 0.00000000e+00 0.00000000e+00]
 [0.00000000e+00 0.00000000e+00 0.00000000e+00]
 [0.00000000e+00 0.00000000e+00 0.00000000e+00]
 [0.00000000e+00 0.00000000e+00 0.00000000e+00]
 [0.00000000e+00 0.00000000e+00 0.00000000e+00]
 [0.00000000e+00 0.00000000e+00 0.00000000e+00]
 [0.00000000e+00 0.00000000e+00 0.00000000e+00]
 [0.00000000e+00 0.00000000e+00 0.00000000e+00]
 [0.00000000e+00 0.00000000e+00 0.00000000e+00]
 [0.00000000e+00 0.00000000e+00 8.59534947e-07]
 [2.84064423e-09 2.07243952e-08 1.42141801e-05]]