[[3.46097622e+01 3.84071982e+01 4.79517116e+01]
 [3.83801807e+01 4.43351460e+01 5.35980857e+01]
 [4.39396020e+01 4.92543130e+01 5.85711450e+01]
 [5.03686122e+01 5.60466587e+01 6.53869367e+01]
 [5.49420574e+01 6.14076290e+01 7.23688243e+01]
 [6.19183237e+01 6.96820761e+01 7.96591128e+01]
 [7.01228697e+01 7.84732558e+01 8.88424815e+01]
 [7.89805103e+01 8.82398674e+01 9.99861009e+01]
 [8.81556639e+01 9.99869312e+01 8.83394930e+01]
 [9.99861005e+01 8.76341275e+01 7.92364842e+01]
 [8.85866099e+01 7.86142879e+01 7.04368344e+01]
 [8.06007403e+01 7.07636863e+01 6.29024843e+01]
 [7.23648972e+01 6.26035534e+01 5.54602391e+01]
 [6.55010567e+01 5.62391047e+01 5.05198498e+01]
 [5.92692691e+01 4.99644392e+01 4.44541722e+01]
 [5.28937363e+01 4.42428925e+01 3.92686698e+01]
 [4.77611702e+01 3.91722528e+01 3.40971289e+01]
 [4.29835810e+01 3.42741711e+01 3.04936120e+01]
 [3.88475269e+01 3.06046675e+01 2.60724440e+01]
 [3.45702544e+01 2.59038145e+01 2.27673711e+01]
 [3.10864500e+01 2.36979135e+01 2.05569783e+01]
 [2.80481593e+01 1.97042808e+01 1.73644762e+01]
 [2.52890972e+01 1.72524866e+01 1.47497321e+01]
 [2.27377672e+01 1.46578288e+01 1.23443557e+01]
 [2.03035399e+01 1.26018112e+01 1.04037471e+01]
 [1.84419733e+01 1.02888946e+01 8.42362509e+00]
 [1.65328678e+01 8.60011107e+00 6.61846635e+00]
 [1.47931552e+01 7.06604952e+00 5.62328175e+00]
 [1.31461840e+01 5.50330418e+00 4.46708009e+00]
 [1.18253659e+01 4.62747757e+00 3.58468938e+00]
 [1.03406290e+01 3.58687459e+00 2.63530277e+00]
 [9.10886226e+00 2.60132134e+00 2.07172029e+00]
 [7.88067987e+00 1.89705211e+00 1.27269926e+00]
 [6.82805666e+00 1.28733526e+00 8.94901717e-01]
 [5.73286835e+00 1.04708799e+00 7.07243062e-01]
 [4.81037502e+00 6.98225554e-01 5.65986958e-01]
 [3.91107713e+00 5.10806998e-01 3.60236065e-01]
 [3.14140542e+00 3.61652098e-01 2.24001093e-01]
 [2.45411465e+00 2.18054414e-01 1.41677396e-01]
 [1.87377654e+00 1.39884908e-01 9.11711333e-02]
 [1.38988746e+00 8.07954894e-02 5.83513716e-02]
 [9.84260919e-01 4.15109195e-02 3.74503343e-02]
 [6.76753950e-01 1.55707611e-02 1.24889361e-02]
 [4.50915164e-01 9.78962147e-03 7.06030590e-03]
 [2.83788083e-01 6.51090070e-03 3.17646983e-03]
 [1.73236457e-01 3.68770266e-03 2.37319947e-03]
 [1.01545041e-01 6.96956428e-04 5.34568980e-04]
 [5.58791323e-02 5.13500070e-04 2.29135062e-04]
 [2.87085674e-02 3.72245275e-04 9.81989716e-05]
 [1.39519711e-02 1.08486985e-04 1.22975679e-05]
 [6.27327513e-03 4.13611332e-05 8.40058410e-06]
 [2.49942541e-03 5.60342710e-06 6.20252748e-06]
 [8.59637806e-04 3.12478693e-06 1.43496574e-06]
 [3.57849158e-04 9.81303745e-07 3.71078755e-07]
 [8.99548770e-05 1.37011348e-07 4.98279068e-09]
 [2.99612697e-05 3.12716883e-08 4.33101314e-09]
 [7.39367757e-06 3.36986603e-09 1.63487248e-09]
 [1.40777710e-06 1.45071504e-10 2.68809092e-11]
 [1.81540439e-07 4.52746292e-11 1.37527839e-12]
 [1.12157570e-08 2.23902325e-11 6.20605801e-12]
 [2.44046706e-13 3.34720362e-13 1.52831787e-07]
 [6.88957137e-12 1.86578745e-10 2.12032459e-06]
 [3.47353236e-11 2.29002863e-09 1.76982973e-05]
 [2.34424007e-08 9.19550961e-09 6.33395941e-05]
 [3.75099276e-07 1.09489636e-07 2.99871839e-04]
 [4.73718923e-07 3.51092145e-06 8.76408171e-04]
 [3.03805638e-06 7.61977465e-06 2.78491940e-03]
 [1.90615387e-05 3.01199319e-05 6.59903004e-03]
 [1.43858374e-05 1.30785243e-04 1.58320377e-02]
 [1.46942646e-04 4.36924413e-04 3.41662241e-02]
 [6.44251314e-04 6.58139386e-04 7.16850362e-02]
 [5.38390708e-04 1.04553301e-03 1.27504996e-01]
 [1.91634155e-03 2.49325635e-03 2.34456920e-01]
 [3.26214763e-03 8.04951997e-03 3.71769091e-01]
 [5.89608589e-03 9.79691645e-03 5.87871199e-01]
 [1.77636446e-02 3.34779612e-02 8.72161550e-01]
 [2.79112107e-02 5.96599745e-02 1.24585720e+00]
 [6.81725171e-02 8.83190250e-02 1.72032515e+00]
 [8.26926806e-02 1.23883410e-01 2.27429582e+00]
 [1.72398668e-01 2.03356077e-01 2.89414273e+00]
 [2.97293815e-01 4.48235915e-01 3.67003895e+00]
 [3.70885841e-01 5.11151344e-01 4.55579152e+00]
 [7.40015286e-01 8.40646276e-01 5.48754831e+00]
 [8.19905527e-01 1.24854694e+00 6.46049793e+00]
 [1.12731328e+00 1.73240655e+00 7.58508246e+00]
 [1.71301819e+00 2.28400695e+00 8.77194771e+00]
 [2.28601113e+00 3.35015198e+00 1.00882714e+01]
 [3.21005564e+00 3.51756034e+00 1.15008901e+01]
 [3.51582750e+00 4.78089031e+00 1.29493474e+01]
 [4.75810605e+00 5.86778104e+00 1.47034609e+01]
 [6.56970565e+00 7.72566492e+00 1.64183889e+01]
 [7.79418437e+00 9.15115991e+00 1.84986765e+01]
 [9.69024158e+00 1.20994840e+01 2.07355992e+01]
 [1.13013281e+01 1.35421464e+01 2.29675216e+01]
 [1.37887772e+01 1.62858106e+01 2.56293814e+01]
 [1.62862158e+01 1.90952420e+01 2.83705953e+01]
 [1.96317909e+01 2.27902670e+01 3.16094558e+01]
 [2.28227074e+01 2.53482052e+01 3.52416488e+01]
 [2.58742889e+01 2.97194490e+01 3.91552610e+01]
 [2.97586244e+01 3.44933308e+01 4.30539812e+01]]