[[3.44912186e+01 3.85803021e+01 4.75050966e+01]
 [3.93221599e+01 4.41640785e+01 5.28251007e+01]
 [4.43175757e+01 4.93851845e+01 5.90374033e+01]
 [4.99386439e+01 5.54832398e+01 6.50966289e+01]
 [5.57528419e+01 6.20992900e+01 7.24182792e+01]
 [6.25601522e+01 6.99518230e+01 7.97851885e+01]
 [7.01813034e+01 7.88647952e+01 8.84199310e+01]
 [7.96624768e+01 8.79923694e+01 9.99885398e+01]
 [8.85640475e+01 9.99891262e+01 8.85889157e+01]
 [9.99881963e+01 8.78110337e+01 7.92842865e+01]
 [8.90794578e+01 7.86217429e+01 7.03061309e+01]
 [8.01690179e+01 7.01235180e+01 6.27067515e+01]
 [7.17202328e+01 6.25925748e+01 5.62174140e+01]
 [6.53293267e+01 5.56696775e+01 4.96208843e+01]
 [5.87997080e+01 5.02745287e+01 4.48342528e+01]
 [5.29732624e+01 4.47155731e+01 3.96188397e+01]
 [4.75185006e+01 3.94710598e+01 3.50961134e+01]
 [4.30941514e+01 3.46619387e+01 3.02022380e+01]
 [3.86363281e+01 3.08109747e+01 2.74113393e+01]
 [3.51481965e+01 2.69262103e+01 2.41883137e+01]
 [3.12673551e+01 2.35642686e+01 2.04569019e+01]
 [2.83122103e+01 2.09857822e+01 1.76428092e+01]
 [2.54372877e+01 1.73824164e+01 1.53369702e+01]
 [2.28915429e+01 1.47146641e+01 1.32684331e+01]
 [2.05586450e+01 1.29752876e+01 1.08131346e+01]
 [1.84341381e+01 1.06187738e+01 8.67255284e+00]
 [1.65679393e+01 8.88547051e+00 7.46352846e+00]
 [1.48190171e+01 7.45419143e+00 6.19091418e+00]
 [1.31321886e+01 5.88424716e+00 4.82821595e+00]
 [1.16005335e+01 4.86536044e+00 4.11203923e+00]
 [1.01891670e+01 3.97712037e+00 2.95637652e+00]
 [9.10404020e+00 2.75678326e+00 2.11178613e+00]
 [7.90838817e+00 2.23004426e+00 1.79496630e+00]
 [6.92965831e+00 1.66993616e+00 9.48223041e-01]
 [5.83211224e+00 1.22135406e+00 9.11743019e-01]
 [4.91302204e+00 7.08260311e-01 5.29762305e-01]
 [4.11947875e+00 4.96139691e-01 3.68034058e-01]
 [3.35483247e+00 3.31921202e-01 2.73214708e-01]
 [2.66889676e+00 1.60488454e-01 1.17344392e-01]
 [2.04706572e+00 1.47788593e-01 9.32913847e-02]
 [1.56172510e+00 7.52505577e-02 6.85219801e-02]
 [1.13461539e+00 4.45308365e-02 3.31349119e-02]
 [7.82126256e-01 2.34052030e-02 1.40186866e-02]
 [5.23243937e-01 1.21869680e-02 8.84372551e-03]
 [3.47350811e-01 6.49910106e-03 2.40033424e-03]
 [2.05648247e-01 3.65304237e-03 1.80902155e-03]
 [1.19682316e-01 1.41486196e-03 8.36812622e-04]
 [6.37637564e-02 4.67159263e-04 2.25742351e-04]
 [3.22672315e-02 1.33807956e-04 6.26662891e-05]
 [1.42219020e-02 8.70112407e-05 6.75694495e-05]
 [6.63871423e-03 1.10608701e-05 7.15242344e-06]
 [2.15459214e-03 1.94423185e-06 7.64455859e-07]
 [9.73513886e-04 2.72407161e-07 3.18981711e-07]
 [2.74324000e-04 4.59539210e-07 5.00873468e-08]
 [8.04248603e-05 7.92417478e-08 1.51440338e-08]
 [1.89045435e-05 1.83264095e-09 1.06917132e-09]
 [2.56415924e-06 1.01578693e-09 2.14386220e-10]
 [3.45066796e-07 8.67976056e-11 3.21266078e-12]
 [1.86957109e-08 6.66562818e-13 2.15445556e-12]
 [1.18341574e-12 1.22492883e-12 4.99992141e-08]
 [1.99610256e-11 4.79938307e-11 3.36474679e-07]
 [1.70944424e-11 1.72964533e-09 4.04834697e-06]
 [3.32171584e-09 2.76660344e-08 2.11816340e-05]
 [1.40117347e-08 1.29198130e-07 9.78944048e-05]
 [1.34987292e-07 1.32775570e-06 3.72085931e-04]
 [2.49965205e-06 4.24797833e-06 1.22914544e-03]
 [7.86218497e-06 7.01217943e-06 3.01258742e-03]
 [1.60326089e-05 4.74138461e-05 7.31720296e-03]
 [6.75974340e-05 9.61444037e-05 1.79658077e-02]
 [1.53790236e-04 4.79031001e-04 3.73328017e-02]
 [2.83306370e-04 9.72176359e-04 7.85853261e-02]
 [7.28788730e-04 2.36742885e-03 1.52509765e-01]
 [1.55230382e-03 3.17587043e-03 2.62068904e-01]
 [5.19986742e-03 9.37587847e-03 4.23478207e-01]
 [6.41533513e-03 1.50550356e-02 6.44201775e-01]
 [1.43514534e-02 2.79284684e-02 9.56832823e-01]
 [4.66540283e-02 7.23123155e-02 1.31194280e+00]
 [6.79262469e-02 1.31528672e-01 1.78856053e+00]
 [1.46409516e-01 1.75165256e-01 2.37711852e+00]
 [2.45933753e-01 2.42847326e-01 3.08476893e+00]
 [2.22024414e-01 4.21106533e-01 3.83558322e+00]
 [4.45842904e-01 8.02894278e-01 4.71562287e+00]
 [7.97545869e-01 9.14376069e-01 5.62193268e+00]
 [1.00262878e+00 1.36622323e+00 6.69678599e+00]
 [1.52712229e+00 2.12893707e+00 7.73292472e+00]
 [1.95664691e+00 2.50206046e+00 8.98067369e+00]
 [2.91918399e+00 2.85321197e+00 1.02050431e+01]
 [3.55004371e+00 3.79247895e+00 1.15309037e+01]
 [4.08311938e+00 5.40896611e+00 1.29255462e+01]
 [5.64902642e+00 6.72023748e+00 1.45935178e+01]
 [7.27959071e+00 8.14474773e+00 1.62873764e+01]
 [8.64162162e+00 1.06644223e+01 1.82667522e+01]
 [1.06224914e+01 1.20063244e+01 2.03937212e+01]
 [1.21253556e+01 1.46305281e+01 2.26687865e+01]
 [1.46505857e+01 1.75273716e+01 2.50866539e+01]
 [1.75352826e+01 1.92583992e+01 2.76893354e+01]
 [1.95606881e+01 2.21057040e+01 3.10566564e+01]
 [2.30900985e+01 2.62977770e+01 3.46859605e+01]
 [2.73070151e+01 3.04345171e+01 3.86427699e+01]
 [3.10724211e+01 3.50433907e+01 4.24947144e+01]]