[[3.42722552e+01 3.95132788e+01 4.78512276e+01]
 [3.94714706e+01 4.44346046e+01 5.33489277e+01]
 [4.47055261e+01 4.97157271e+01 5.88375364e+01]
 [4.95694755e+01 5.60770346e+01 6.51758383e+01]
 [5.64848011e+01 6.23386757e+01 7.28275800e+01]
 [6.24816830e+01 6.93547896e+01 8.00792457e+01]
 [7.02126188e+01 7.84397621e+01 8.86127555e+01]
 [7.89833380e+01 8.74515938e+01 9.99872608e+01]
 [8.85616739e+01 9.99878970e+01 8.83603043e+01]
 [9.99870286e+01 8.83151184e+01 7.90582278e+01]
 [8.86722779e+01 7.87069937e+01 7.04099970e+01]
 [7.99313673e+01 7.04460850e+01 6.26836819e+01]
 [7.23000808e+01 6.29923549e+01 5.60339401e+01]
 [6.49332559e+01 5.59173993e+01 5.03105810e+01]
 [5.85147026e+01 5.00271173e+01 4.44760299e+01]
 [5.28370654e+01 4.43589375e+01 3.84439342e+01]
 [4.76786007e+01 3.93222083e+01 3.45296933e+01]
 [4.30679246e+01 3.50405890e+01 3.03383428e+01]
 [3.88889823e+01 3.06003008e+01 2.67962311e+01]
 [3.48840880e+01 2.70293497e+01 2.37897006e+01]
 [3.11861126e+01 2.45150243e+01 2.09375301e+01]
 [2.81920740e+01 2.01797583e+01 1.78795030e+01]
 [2.52066926e+01 1.74635767e+01 1.52783115e+01]
 [2.27772028e+01 1.52667736e+01 1.33704980e+01]
 [2.04109326e+01 1.27792509e+01 1.14343063e+01]
 [1.83078524e+01 1.01314068e+01 8.63299057e+00]
 [1.64956969e+01 8.84999838e+00 7.22626804e+00]
 [1.47444398e+01 7.41557660e+00 5.96235419e+00]
 [1.31450723e+01 6.10183221e+00 5.03899425e+00]
 [1.16376123e+01 4.81855685e+00 3.70231728e+00]
 [1.03131390e+01 3.79299957e+00 2.59265236e+00]
 [9.10546134e+00 2.75799502e+00 2.46376165e+00]
 [8.06840889e+00 2.10456244e+00 1.44234264e+00]
 [6.93565983e+00 1.68435350e+00 1.21143538e+00]
 [5.95580461e+00 1.20616239e+00 8.17506137e-01]
 [5.02573240e+00 9.00134918e-01 5.50759009e-01]
 [4.12040571e+00 6.73684140e-01 3.75550615e-01]
 [3.39110456e+00 3.41770865e-01 2.29304378e-01]
 [2.69398341e+00 2.49237235e-01 1.45667329e-01]
 [2.05925157e+00 9.68605644e-02 9.12020594e-02]
 [1.59314748e+00 8.16877894e-02 5.11707859e-02]
 [1.15227088e+00 5.41605110e-02 3.39862500e-02]
 [8.09667992e-01 2.89033125e-02 1.82527851e-02]
 [5.48422798e-01 1.61022720e-02 4.89145129e-03]
 [3.31191190e-01 6.65759403e-03 3.30653756e-03]
 [2.04845956e-01 3.37972454e-03 2.00540573e-03]
 [1.24317850e-01 2.45719331e-03 7.31480032e-04]
 [6.41028206e-02 7.40012577e-04 3.97189390e-04]
 [3.68923327e-02 2.70007223e-04 1.55596678e-04]
 [1.62699260e-02 2.35935925e-04 9.61341645e-05]
 [8.36413285e-03 3.73687145e-05 1.22212783e-05]
 [3.30139980e-03 9.56441172e-06 3.75177770e-06]
 [1.09575759e-03 1.94595552e-06 6.18167263e-07]
 [3.99022425e-04 4.29340831e-07 9.28305415e-08]
 [1.32919949e-04 2.36613555e-08 2.08795432e-08]
 [3.32882621e-05 1.09762658e-08 6.30305276e-09]
 [5.50559359e-06 1.91114032e-08 3.69745076e-11]
 [8.28364956e-07 2.42413289e-10 4.37001584e-11]
 [5.41015962e-08 1.62323721e-11 3.79243172e-12]
 [1.70652673e-12 8.99308003e-12 1.09372850e-07]
 [1.70673456e-10 6.20837284e-11 7.74034098e-07]
 [6.13018632e-11 2.71502629e-09 5.40728110e-06]
 [5.89984382e-09 7.85287204e-08 2.95633141e-05]
 [2.97329525e-08 1.22826796e-07 1.43821441e-04]
 [6.83981162e-07 1.55763793e-06 3.79215649e-04]
 [6.69551096e-07 6.12941771e-06 1.28713532e-03]
 [3.74210126e-06 7.87867770e-06 3.75226564e-03]
 [2.34556650e-05 1.21324123e-04 8.48207038e-03]
 [3.41359485e-05 8.20902561e-05 2.10947607e-02]
 [2.21258743e-04 3.39233937e-04 4.21107625e-02]
 [4.34086396e-04 1.12450234e-03 8.88961112e-02]
 [1.40253818e-03 2.61950990e-03 1.62146310e-01]
 [1.80152003e-03 8.74297455e-03 2.76923463e-01]
 [3.45211376e-03 9.99655029e-03 4.37563065e-01]
 [1.21706771e-02 2.15847224e-02 6.64547531e-01]
 [2.51638866e-02 4.55038010e-02 9.63781378e-01]
 [3.79352090e-02 6.26907166e-02 1.36912260e+00]
 [9.70322095e-02 1.07805682e-01 1.89883599e+00]
 [1.14682144e-01 1.98751005e-01 2.47147523e+00]
 [1.67541460e-01 3.63837605e-01 3.19027123e+00]
 [3.38679786e-01 4.35712805e-01 3.98445378e+00]
 [5.17499243e-01 7.34251260e-01 4.84987522e+00]
 [6.86113185e-01 9.96664698e-01 5.79013943e+00]
 [9.42396917e-01 1.51634331e+00 6.78899041e+00]
 [1.21498571e+00 1.73009213e+00 7.85915794e+00]
 [1.74934674e+00 2.58947184e+00 9.01716042e+00]
 [2.79037892e+00 3.09870507e+00 1.03567343e+01]
 [3.46947109e+00 4.46332779e+00 1.15542965e+01]
 [4.96263220e+00 6.40393795e+00 1.29953294e+01]
 [5.66139396e+00 7.17411744e+00 1.46333693e+01]
 [6.71611320e+00 8.62277767e+00 1.64248591e+01]
 [9.01784698e+00 1.05237142e+01 1.82994336e+01]
 [1.13157319e+01 1.25650070e+01 2.03228766e+01]
 [1.26246353e+01 1.48368315e+01 2.28472041e+01]
 [1.49295153e+01 1.78378802e+01 2.53293128e+01]
 [1.75131431e+01 2.06063952e+01 2.80559371e+01]
 [1.99782624e+01 2.34365683e+01 3.11319675e+01]
 [2.38804845e+01 2.61171686e+01 3.48825095e+01]
 [2.69303611e+01 3.00243022e+01 3.89801881e+01]
 [3.04318165e+01 3.47756898e+01 4.34076756e+01]]