[[3.37652087e+01 3.81309847e+01 4.77703326e+01]
 [3.85298176e+01 4.40241477e+01 5.27758324e+01]
 [4.44617663e+01 5.00521206e+01 5.85438727e+01]
 [4.91898212e+01 5.59223418e+01 6.51022253e+01]
 [5.55920608e+01 6.22322858e+01 7.18483205e+01]
 [6.25066739e+01 6.98577256e+01 8.07503587e+01]
 [7.05155813e+01 7.81776958e+01 8.91527777e+01]
 [7.93257390e+01 8.73966419e+01 9.99855955e+01]
 [8.84187284e+01 9.99862783e+01 8.84213621e+01]
 [9.99852102e+01 8.78432496e+01 7.89948249e+01]
 [8.87229746e+01 7.86388097e+01 7.01586087e+01]
 [8.07531589e+01 7.01804960e+01 6.32054209e+01]
 [7.22496227e+01 6.27775093e+01 5.69290345e+01]
 [6.55161457e+01 5.62847447e+01 4.93193287e+01]
 [5.91932450e+01 4.98536198e+01 4.45254010e+01]
 [5.29436233e+01 4.45243225e+01 3.92725185e+01]
 [4.78577111e+01 3.90449822e+01 3.46463767e+01]
 [4.31399746e+01 3.45326222e+01 3.08450784e+01]
 [3.88798918e+01 2.99248831e+01 2.64533357e+01]
 [3.49724078e+01 2.68155416e+01 2.35002143e+01]
 [3.11673947e+01 2.36982613e+01 2.04645861e+01]
 [2.83966534e+01 2.05688559e+01 1.73491322e+01]
 [2.56207292e+01 1.69580606e+01 1.49065072e+01]
 [2.27803392e+01 1.50875543e+01 1.31979999e+01]
 [2.04367789e+01 1.27673433e+01 1.14165063e+01]
 [1.84064405e+01 1.04232202e+01 9.17083496e+00]
 [1.64064442e+01 8.79711620e+00 7.38369292e+00]
 [1.47727580e+01 6.90176295e+00 6.20774715e+00]
 [1.32102466e+01 5.79744691e+00 4.98769116e+00]
 [1.16798372e+01 4.72426648e+00 3.56783786e+00]
 [1.02815414e+01 3.47376925e+00 2.97467504e+00]
 [9.11498398e+00 3.04501190e+00 2.23770533e+00]
 [7.86426323e+00 2.27191632e+00 1.42533088e+00]
 [6.89170266e+00 1.27413148e+00 1.12729708e+00]
 [5.99194981e+00 1.16394529e+00 8.47419370e-01]
 [5.07834500e+00 7.99845324e-01 4.83941422e-01]
 [4.24186095e+00 6.11930647e-01 3.36285878e-01]
 [3.45274201e+00 3.62746086e-01 2.19637720e-01]
 [2.73017212e+00 1.80846439e-01 1.70213432e-01]
 [2.15961495e+00 1.50605798e-01 8.90782300e-02]
 [1.65420094e+00 6.96047847e-02 4.60355331e-02]
 [1.19929725e+00 5.48862182e-02 3.52900906e-02]
 [8.68164028e-01 2.37064353e-02 1.27032686e-02]
 [5.99534157e-01 1.99078347e-02 7.30627406e-03]
 [3.92134983e-01 6.72338381e-03 3.72471476e-03]
 [2.40658964e-01 3.21852011e-03 1.36309733e-03]
 [1.42645374e-01 1.74467135e-03 1.03370781e-03]
 [8.06599074e-02 8.47142466e-04 5.64385162e-04]
 [4.22803289e-02 2.90290158e-04 2.68885380e-04]
 [2.09428316e-02 9.95212095e-05 1.42504318e-05]
 [9.03657209e-03 2.95735499e-05 5.35031150e-06]
 [3.76171478e-03 2.33908409e-05 3.06464375e-06]
 [1.52215460e-03 2.62907486e-06 3.01554999e-07]
 [4.35486632e-04 5.82017003e-07 1.10342077e-07]
 [1.66677605e-04 4.61213963e-07 7.87801075e-08]
 [3.52730277e-05 2.16567180e-08 6.09933146e-09]
 [9.43696187e-06 9.27533809e-11 1.45034354e-10]
 [8.23147519e-07 3.14032933e-11 5.28318307e-12]
 [4.85250558e-08 4.13815401e-12 5.62119915e-13]
 [4.27002899e-15 1.30585453e-10 2.44557300e-07]
 [3.23916414e-10 1.00854665e-10 2.26401205e-06]
 [2.44469668e-09 1.43497295e-08 1.40283327e-05]
 [1.01529322e-08 8.22070986e-08 6.56010849e-05]
 [7.93350865e-08 6.58078128e-07 2.19546734e-04]
 [6.44735311e-07 7.29347600e-07 6.64555552e-04]
 [2.47695683e-06 4.79258441e-06 1.79062192e-03]
 [7.24766951e-06 8.87974842e-06 5.03305796e-03]
 [3.73346158e-05 5.82804482e-05 1.22909905e-02]
 [4.83562808e-05 1.69663845e-04 2.56992586e-02]
 [2.32765252e-04 3.81177660e-04 5.41089894e-02]
 [3.01735021e-04 1.27536047e-03 9.70517232e-02]
 [7.80555684e-04 2.57993516e-03 1.75721937e-01]
 [3.65504464e-03 4.32752249e-03 2.93288354e-01]
 [4.87005636e-03 7.41885141e-03 4.55006250e-01]
 [1.04553462e-02 2.86725562e-02 6.89439113e-01]
 [1.80018450e-02 2.97721477e-02 1.01800641e+00]
 [4.34241460e-02 6.44811110e-02 1.40224872e+00]
 [6.25751851e-02 1.39322051e-01 1.89584008e+00]
 [1.56899539e-01 2.02386578e-01 2.53515649e+00]
 [1.77000569e-01 3.30265075e-01 3.18226965e+00]
 [3.27081753e-01 4.85034065e-01 3.96733925e+00]
 [5.42913059e-01 6.51444290e-01 4.75420419e+00]
 [6.89086648e-01 1.21383163e+00 5.69724932e+00]
 [1.06667980e+00 1.34291358e+00 6.68868096e+00]
 [1.16884547e+00 1.74146352e+00 7.73637412e+00]
 [1.90929524e+00 2.64446758e+00 8.91792039e+00]
 [2.48084526e+00 2.80124104e+00 1.01691087e+01]
 [3.33184292e+00 4.50164215e+00 1.14129324e+01]
 [4.28680836e+00 4.95211013e+00 1.30293117e+01]
 [5.25467101e+00 6.31308690e+00 1.46882929e+01]
 [7.20785357e+00 8.83974713e+00 1.64123476e+01]
 [8.12117925e+00 1.02615197e+01 1.83563767e+01]
 [9.83880106e+00 1.21026909e+01 2.05971769e+01]
 [1.26873165e+01 1.39658474e+01 2.28655204e+01]
 [1.44363884e+01 1.64213598e+01 2.54287611e+01]
 [1.68790197e+01 1.98989808e+01 2.82882656e+01]
 [1.95332809e+01 2.33214698e+01 3.13393409e+01]
 [2.37583363e+01 2.68503808e+01 3.44920124e+01]
 [2.69943642e+01 2.99513914e+01 3.84759229e+01]
 [3.02843631e+01 3.43648907e+01 4.27446910e+01]]