[[3.44199563e+01 3.90576121e+01 4.76098708e+01]
 [3.88101905e+01 4.35565493e+01 5.32150175e+01]
 [4.47374706e+01 4.96337040e+01 5.89693857e+01]
 [5.01971997e+01 5.61093938e+01 6.54880843e+01]
 [5.65157034e+01 6.30012474e+01 7.23290468e+01]
 [6.33002012e+01 7.00928533e+01 7.99788320e+01]
 [7.00942715e+01 7.83298047e+01 8.87464545e+01]
 [7.96142598e+01 8.78712506e+01 9.99872006e+01]
 [8.78211220e+01 9.99879028e+01 8.77459726e+01]
 [9.99870392e+01 8.77375809e+01 7.94016769e+01]
 [8.89897468e+01 7.79552879e+01 7.11858049e+01]
 [8.01156362e+01 6.90921972e+01 6.31256829e+01]
 [7.23894713e+01 6.18997250e+01 5.59899837e+01]
 [6.50488251e+01 5.56901245e+01 4.97331634e+01]
 [5.87177549e+01 4.96369575e+01 4.44587998e+01]
 [5.25870422e+01 4.38016936e+01 3.83949028e+01]
 [4.74896550e+01 3.94615500e+01 3.42002376e+01]
 [4.29910896e+01 3.40666994e+01 2.99677380e+01]
 [3.87121857e+01 3.00204603e+01 2.57616239e+01]
 [3.50214403e+01 2.65224011e+01 2.25564875e+01]
 [3.13294875e+01 2.30686895e+01 2.00521602e+01]
 [2.83520886e+01 2.03251037e+01 1.64653501e+01]
 [2.53891766e+01 1.64816987e+01 1.46569030e+01]
 [2.27263998e+01 1.38695481e+01 1.17927966e+01]
 [2.03794692e+01 1.13004988e+01 9.81099835e+00]
 [1.83150461e+01 8.98910982e+00 8.19347413e+00]
 [1.62703192e+01 7.82744894e+00 6.21089204e+00]
 [1.45307427e+01 6.42471165e+00 5.02611627e+00]
 [1.29567146e+01 4.91660715e+00 4.29311243e+00]
 [1.14758806e+01 3.86511838e+00 3.12973333e+00]
 [1.01877387e+01 3.30984853e+00 2.51884356e+00]
 [8.85328078e+00 2.16491000e+00 1.68432307e+00]
 [7.61453768e+00 1.45198876e+00 1.35752959e+00]
 [6.57561914e+00 1.03447547e+00 9.37645562e-01]
 [5.54412231e+00 8.49186288e-01 4.78539554e-01]
 [4.59447448e+00 5.28870828e-01 2.81085561e-01]
 [3.68132059e+00 2.70577430e-01 2.49395095e-01]
 [2.94434411e+00 2.27245049e-01 1.78700252e-01]
 [2.23636811e+00 1.74235354e-01 1.09295306e-01]
 [1.67027649e+00 8.88971717e-02 4.78909896e-02]
 [1.18388935e+00 4.52418111e-02 4.10804900e-02]
 [8.30205124e-01 2.92982760e-02 2.27302226e-02]
 [5.41443105e-01 1.52865727e-02 6.51368278e-03]
 [3.46087293e-01 9.56987912e-03 5.36694529e-03]
 [2.12374693e-01 4.67562423e-03 1.15641360e-03]
 [1.23724331e-01 1.56910114e-03 3.95835140e-04]
 [7.01827103e-02 4.83869381e-04 2.19816722e-04]
 [3.53959292e-02 1.86572104e-04 1.37565791e-04]
 [1.63485260e-02 7.65263347e-05 3.85906035e-05]
 [7.77047580e-03 4.74803486e-05 9.46417223e-06]
 [2.83428724e-03 4.20174451e-06 2.66694759e-06]
 [9.92294905e-04 5.40132456e-06 1.56242353e-06]
 [3.04091554e-04 7.10905452e-07 1.15687013e-07]
 [9.68793520e-05 5.93424705e-08 3.41062816e-09]
 [1.99793938e-05 3.11526798e-08 1.96863909e-09]
 [3.97824095e-06 2.34279475e-09 4.23038448e-10]
 [3.50551895e-07 2.29975781e-10 3.90972570e-11]
 [1.56026770e-08 6.21816228e-12 1.02348462e-11]
 [5.80758311e-11 6.88382661e-12 7.56457153e-08]
 [1.12144222e-11 2.74280698e-12 9.75377491e-07]
 [3.40205129e-11 1.31529156e-10 5.43533802e-06]
 [6.59767624e-09 1.01438562e-08 2.50525016e-05]
 [1.55688806e-08 4.22970719e-07 1.07299263e-04]
 [2.08471945e-07 1.28540095e-06 3.63700870e-04]
 [2.39254194e-07 1.12919671e-05 1.18682007e-03]
 [4.59851565e-06 5.61707104e-06 3.26660515e-03]
 [3.52189044e-05 6.63931564e-05 8.39559149e-03]
 [2.18253731e-05 6.90579394e-05 1.92570300e-02]
 [1.36980935e-04 2.21202267e-04 3.71223507e-02]
 [3.27888603e-04 9.80639338e-04 7.61723623e-02]
 [1.75809044e-03 2.44911944e-03 1.32915154e-01]
 [1.65131478e-03 5.16809807e-03 2.27013902e-01]
 [2.84075191e-03 8.93194507e-03 3.68555238e-01]
 [7.75068044e-03 1.34848350e-02 5.76337519e-01]
 [1.28859821e-02 3.24827831e-02 8.45980221e-01]
 [3.21232189e-02 5.36571572e-02 1.20903957e+00]
 [6.72297372e-02 7.50972337e-02 1.63887073e+00]
 [8.41873026e-02 1.67609391e-01 2.12384102e+00]
 [1.56902300e-01 3.29108551e-01 2.71752644e+00]
 [2.37067138e-01 3.28362215e-01 3.37474389e+00]
 [3.17682018e-01 5.91479605e-01 4.18354328e+00]
 [7.04924250e-01 9.57956317e-01 5.04143843e+00]
 [8.56775617e-01 1.22718842e+00 5.95255872e+00]
 [1.19756282e+00 1.58676788e+00 6.86334927e+00]
 [1.85507722e+00 2.27724952e+00 7.98749185e+00]
 [2.14400490e+00 2.47682840e+00 9.06892853e+00]
 [2.83075852e+00 3.81139368e+00 1.03645681e+01]
 [3.46210796e+00 4.27079616e+00 1.17278199e+01]
 [5.08437686e+00 6.28454005e+00 1.32806521e+01]
 [5.63540621e+00 7.06545335e+00 1.49177839e+01]
 [7.60436466e+00 9.06410479e+00 1.67579462e+01]
 [8.60460217e+00 1.06982584e+01 1.85600044e+01]
 [1.01129133e+01 1.30074781e+01 2.05575639e+01]
 [1.26505501e+01 1.52305145e+01 2.27645915e+01]
 [1.54470369e+01 1.72467716e+01 2.52408083e+01]
 [1.74647600e+01 2.02577127e+01 2.82530915e+01]
 [2.05096233e+01 2.34257280e+01 3.13353872e+01]
 [2.38263407e+01 2.65764584e+01 3.48672680e+01]
 [2.70197052e+01 3.10455053e+01 3.87780603e+01]
 [3.02467935e+01 3.42617826e+01 4.29884685e+01]]