[[3.58613671e+01 3.98896551e+01 4.46267210e+01]
 [3.99136934e+01 4.44241932e+01 4.95862835e+01]
 [4.44141666e+01 4.93873154e+01 5.50966384e+01]
 [4.93967627e+01 5.49170320e+01 6.12193456e+01]
 [5.49123196e+01 6.10790379e+01 6.80220465e+01]
 [6.10675224e+01 6.79040879e+01 7.55806502e+01]
 [6.79684218e+01 7.55328201e+01 8.39790630e+01]
 [7.55534342e+01 8.39789965e+01 9.33102676e+01]
 [8.39789999e+01 9.25671088e+01 8.39789813e+01]
 [9.33102492e+01 8.39789771e+01 7.55524084e+01]
 [8.39790695e+01 7.55352368e+01 6.79776390e+01]
 [7.55807165e+01 6.78986327e+01 6.10875016e+01]
 [6.80222047e+01 6.10480991e+01 5.49053973e+01]
 [6.12191501e+01 5.48813980e+01 4.93655472e+01]
 [5.50964177e+01 4.93473207e+01 4.43956399e+01]
 [4.95858874e+01 4.43743875e+01 3.99092686e+01]
 [4.46261997e+01 3.98307107e+01 3.57733452e+01]
 [4.01620392e+01 3.58361256e+01 3.22095733e+01]
 [3.61441084e+01 3.21404555e+01 2.88203882e+01]
 [3.25272860e+01 2.88624082e+01 2.58781611e+01]
 [2.92720075e+01 2.58905420e+01 2.31698062e+01]
 [2.63411210e+01 2.30930160e+01 2.07613762e+01]
 [2.37030069e+01 2.07472597e+01 1.84882675e+01]
 [2.13277425e+01 1.85468068e+01 1.65963828e+01]
 [1.91889885e+01 1.64905259e+01 1.47373738e+01]
 [1.72629362e+01 1.46663395e+01 1.31400696e+01]
 [1.55277817e+01 1.30397925e+01 1.16432832e+01]
 [1.39633959e+01 1.15223875e+01 1.02960706e+01]
 [1.25532164e+01 1.02023042e+01 9.09578547e+00]
 [1.12802580e+01 9.05285151e+00 7.77673197e+00]
 [1.01282556e+01 7.73117941e+00 6.92281931e+00]
 [9.08498340e+00 6.80346370e+00 5.93485013e+00]
 [8.14175376e+00 5.93182362e+00 5.15939200e+00]
 [7.29033495e+00 5.05818317e+00 4.26526295e+00]
 [6.51206990e+00 4.24215887e+00 3.56208967e+00]
 [5.80593968e+00 3.51855794e+00 2.86109499e+00]
 [5.15081505e+00 2.96299967e+00 2.44554231e+00]
 [4.57084117e+00 2.30496684e+00 1.89476461e+00]
 [4.01989419e+00 1.86766942e+00 1.45329618e+00]
 [3.51959313e+00 1.41896935e+00 1.03698555e+00]
 [3.04210709e+00 1.07802321e+00 8.79400969e-01]
 [2.57482230e+00 8.63736897e-01 6.35412206e-01]
 [2.18182907e+00 5.60871618e-01 3.63890254e-01]
 [1.78824928e+00 3.96602585e-01 2.80394565e-01]
 [1.41306535e+00 2.37404231e-01 1.66219316e-01]
 [1.10116770e+00 1.59350650e-01 8.55145695e-02]
 [8.07147547e-01 1.06058834e-01 4.47283950e-02]
 [5.57849752e-01 3.83613919e-02 3.02904286e-02]
 [3.73108374e-01 2.36060718e-02 1.34965040e-02]
 [2.29463664e-01 1.28753168e-02 6.23264820e-03]
 [1.28120011e-01 5.20634177e-03 2.06660106e-03]
 [6.66248949e-02 2.37913701e-03 7.47137661e-04]
 [3.14581486e-02 5.02309264e-04 1.63506849e-04]
 [1.12887398e-02 8.83332573e-05 3.27811558e-05]
 [3.50398295e-03 4.37206330e-05 5.33167139e-06]
 [6.54401088e-04 2.58588625e-06 3.01820982e-07]
 [7.97045148e-05 2.70036895e-07 1.35715080e-06]
 [3.16648319e-06 1.61201727e-07 4.42702194e-05]
 [3.96390189e-07 1.48235519e-06 3.62242680e-04]
 [3.07950276e-06 2.04190851e-05 1.72870406e-03]
 [2.08316834e-05 2.91549564e-05 5.78346791e-03]
 [7.79925184e-05 2.02249348e-04 1.72861513e-02]
 [2.10637499e-04 1.02404164e-03 3.88014345e-02]
 [8.49680175e-04 3.09279513e-03 7.48900170e-02]
 [2.83991987e-03 6.90726403e-03 1.34970468e-01]
 [7.55311815e-03 1.85672861e-02 2.29903222e-01]
 [1.84884202e-02 3.36268438e-02 3.61971526e-01]
 [3.82742754e-02 6.44728538e-02 5.16453645e-01]
 [5.36976015e-02 1.03593807e-01 7.13161667e-01]
 [1.01796692e-01 1.44467054e-01 9.22474788e-01]
 [1.73915788e-01 2.11588226e-01 1.17624502e+00]
 [2.52264712e-01 2.95634619e-01 1.46458914e+00]
 [3.69669240e-01 4.70066542e-01 1.73885386e+00]
 [5.36954718e-01 6.87019057e-01 2.06854305e+00]
 [7.09165059e-01 9.20925163e-01 2.41613387e+00]
 [9.76617672e-01 1.26999378e+00 2.82007577e+00]
 [1.18719158e+00 1.55470414e+00 3.22921526e+00]
 [1.61704478e+00 1.81678498e+00 3.66785257e+00]
 [1.95922804e+00 2.26428878e+00 4.14158166e+00]
 [2.41371775e+00 2.85323527e+00 4.67354675e+00]
 [2.86557465e+00 3.34734977e+00 5.25503257e+00]
 [3.33063267e+00 3.99522950e+00 5.88885077e+00]
 [4.03199251e+00 4.57695842e+00 6.58831723e+00]
 [4.63050514e+00 5.42270131e+00 7.35300557e+00]
 [5.37557233e+00 6.11937151e+00 8.19688997e+00]
 [6.24776769e+00 7.21012328e+00 9.12829314e+00]
 [7.05558866e+00 8.08630990e+00 1.01585909e+01]
 [8.10274144e+00 9.33562579e+00 1.13024352e+01]
 [9.30877317e+00 1.03950217e+01 1.25715430e+01]
 [1.04188857e+01 1.17684639e+01 1.39778446e+01]
 [1.17627239e+01 1.31658966e+01 1.55391089e+01]
 [1.32787618e+01 1.48269607e+01 1.72716462e+01]
 [1.49243861e+01 1.66716116e+01 1.91964936e+01]
 [1.67639292e+01 1.86182418e+01 2.13332711e+01]
 [1.86354577e+01 2.08524310e+01 2.37074868e+01]
 [2.08884538e+01 2.32600276e+01 2.63444324e+01]
 [2.32879078e+01 2.58801455e+01 2.92741299e+01]
 [2.59742299e+01 2.88561597e+01 3.25290032e+01]
 [2.88766807e+01 3.21664946e+01 3.61452489e+01]
 [3.21846562e+01 3.58226697e+01 4.01628304e+01]]