[[3.58274928e+01 3.97819690e+01 4.46265378e+01]
 [3.98576110e+01 4.43312830e+01 4.95863696e+01]
 [4.43610228e+01 4.93193695e+01 5.50968359e+01]
 [4.93897216e+01 5.48882563e+01 6.12194717e+01]
 [5.49275523e+01 6.10564425e+01 6.80222260e+01]
 [6.10849631e+01 6.79022925e+01 7.55808088e+01]
 [6.79680355e+01 7.55347779e+01 8.39790949e+01]
 [7.55533680e+01 8.39790061e+01 9.33102687e+01]
 [8.39790365e+01 9.25671088e+01 8.39790058e+01]
 [9.33102345e+01 8.39789443e+01 7.55566466e+01]
 [8.39790382e+01 7.55232789e+01 6.79736226e+01]
 [7.55806214e+01 6.79117298e+01 6.10972360e+01]
 [6.80219346e+01 6.10488448e+01 5.49462556e+01]
 [6.12191115e+01 5.49258691e+01 4.93926619e+01]
 [5.50964744e+01 4.93469105e+01 4.43945675e+01]
 [4.95856906e+01 4.44016206e+01 3.98672090e+01]
 [4.46261016e+01 3.98631280e+01 3.58351339e+01]
 [4.01617446e+01 3.58323429e+01 3.22389480e+01]
 [3.61439050e+01 3.22159350e+01 2.89448961e+01]
 [3.25274578e+01 2.88294136e+01 2.59241310e+01]
 [2.92723702e+01 2.59150187e+01 2.31842435e+01]
 [2.63425974e+01 2.31727855e+01 2.08737005e+01]
 [2.37048576e+01 2.07349064e+01 1.85390976e+01]
 [2.13303211e+01 1.85554202e+01 1.65448660e+01]
 [1.91931082e+01 1.65678912e+01 1.49251407e+01]
 [1.72667393e+01 1.48039980e+01 1.30907469e+01]
 [1.55331938e+01 1.31720130e+01 1.16601511e+01]
 [1.39720872e+01 1.16933637e+01 1.03290148e+01]
 [1.25644856e+01 1.02856139e+01 9.19833062e+00]
 [1.12934137e+01 9.06977419e+00 8.07461374e+00]
 [1.01479882e+01 8.02892942e+00 6.99478979e+00]
 [9.11752669e+00 6.74672501e+00 6.03270854e+00]
 [8.17806368e+00 6.01734020e+00 5.42204672e+00]
 [7.33314524e+00 4.91570971e+00 4.34684840e+00]
 [6.56505027e+00 4.39973278e+00 3.82069603e+00]
 [5.86514336e+00 3.76132352e+00 3.06371775e+00]
 [5.22975649e+00 2.96401026e+00 2.58923159e+00]
 [4.63581332e+00 2.43176400e+00 2.10020761e+00]
 [4.10292600e+00 2.03078849e+00 1.61852412e+00]
 [3.59499621e+00 1.68491710e+00 1.45051592e+00]
 [3.12924172e+00 1.28376522e+00 1.00333193e+00]
 [2.71695821e+00 1.05708400e+00 7.40029666e-01]
 [2.31066134e+00 7.33932798e-01 6.07068876e-01]
 [1.95395564e+00 5.12784527e-01 4.05411295e-01]
 [1.57135763e+00 3.69176526e-01 2.47606645e-01]
 [1.26659984e+00 2.54572715e-01 1.69575692e-01]
 [9.90886152e-01 1.37120545e-01 9.85430372e-02]
 [7.44927195e-01 9.33804360e-02 5.00379745e-02]
 [5.31843805e-01 5.42501596e-02 1.73451696e-02]
 [3.62808951e-01 2.04829117e-02 1.19020926e-02]
 [2.33269507e-01 1.21487660e-02 6.34171656e-03]
 [1.31498691e-01 5.00989161e-03 2.59423090e-03]
 [6.65328638e-02 1.89309574e-03 5.73553380e-04]
 [2.79517020e-02 5.03943102e-04 1.37418022e-04]
 [1.04784705e-02 1.50388618e-04 5.36064471e-05]
 [3.24345440e-03 4.73833071e-05 8.18513057e-06]
 [9.47948038e-04 6.73887822e-06 9.03948724e-07]
 [1.57765647e-04 4.61607278e-07 2.79691317e-06]
 [1.18133731e-05 1.44776060e-07 4.76216589e-05]
 [1.14609243e-07 2.36412751e-06 4.66815340e-04]
 [4.79163367e-06 1.22571806e-05 2.26868767e-03]
 [1.59100851e-05 1.28254971e-04 7.27390374e-03]
 [1.21619810e-04 2.46850896e-04 2.01089867e-02]
 [3.30632173e-04 1.10214917e-03 4.64258047e-02]
 [1.23320629e-03 3.68040752e-03 9.71347360e-02]
 [3.22219358e-03 7.27793778e-03 1.80679595e-01]
 [7.36601333e-03 1.72324741e-02 2.91667447e-01]
 [2.28499624e-02 3.28650653e-02 4.47704395e-01]
 [3.92401313e-02 5.86038361e-02 6.35628999e-01]
 [7.29370573e-02 1.08419021e-01 8.64331291e-01]
 [1.32021344e-01 1.84620652e-01 1.12093711e+00]
 [1.86659157e-01 2.71643034e-01 1.38722919e+00]
 [2.94075502e-01 3.97295180e-01 1.69098699e+00]
 [4.80313108e-01 5.17120585e-01 2.02480855e+00]
 [6.29737759e-01 8.05375296e-01 2.38476852e+00]
 [8.38482577e-01 9.81569307e-01 2.76137100e+00]
 [1.09356693e+00 1.46550733e+00 3.18347310e+00]
 [1.45784784e+00 1.69659004e+00 3.64195725e+00]
 [1.81114142e+00 2.11910972e+00 4.12304446e+00]
 [2.39586564e+00 2.72143780e+00 4.65939627e+00]
 [2.68238520e+00 3.23779484e+00 5.24145412e+00]
 [3.16050775e+00 3.80471504e+00 5.87067655e+00]
 [3.91725723e+00 4.32946300e+00 6.56916837e+00]
 [4.51430782e+00 5.17412054e+00 7.33211285e+00]
 [5.32541298e+00 5.90348329e+00 8.17908430e+00]
 [6.22396935e+00 6.98972984e+00 9.11494404e+00]
 [6.94032992e+00 7.97360972e+00 1.01468703e+01]
 [8.04841815e+00 9.07091512e+00 1.12949354e+01]
 [9.10839260e+00 1.04293434e+01 1.25629337e+01]
 [1.02878620e+01 1.17141618e+01 1.39713779e+01]
 [1.18046006e+01 1.31305474e+01 1.55331436e+01]
 [1.32257875e+01 1.47473438e+01 1.72681379e+01]
 [1.47901618e+01 1.65431446e+01 1.91930688e+01]
 [1.65916969e+01 1.85249357e+01 2.13305343e+01]
 [1.85522227e+01 2.07957443e+01 2.37052929e+01]
 [2.06731585e+01 2.31831955e+01 2.63429377e+01]
 [2.32196139e+01 2.57749092e+01 2.92733369e+01]
 [2.58762381e+01 2.88375237e+01 3.25287666e+01]
 [2.88549445e+01 3.21059124e+01 3.61451141e+01]
 [3.21021927e+01 3.57764710e+01 4.01628960e+01]]