[[3.57494606e+01 3.97593684e+01 4.46255764e+01]
 [3.98103862e+01 4.43400338e+01 4.95854375e+01]
 [4.43764087e+01 4.93410450e+01 5.50962534e+01]
 [4.93721414e+01 5.49004061e+01 6.12190282e+01]
 [5.49056456e+01 6.10578320e+01 6.80220042e+01]
 [6.10970547e+01 6.78672473e+01 7.55806754e+01]
 [6.79733663e+01 7.55362380e+01 8.39790152e+01]
 [7.55508316e+01 8.39789412e+01 9.33102269e+01]
 [8.39789423e+01 9.25671088e+01 8.39789774e+01]
 [9.33102523e+01 8.39789711e+01 7.55541978e+01]
 [8.39791076e+01 7.55315466e+01 6.79732820e+01]
 [7.55808203e+01 6.78999512e+01 6.11016581e+01]
 [6.80223092e+01 6.10553729e+01 5.49418783e+01]
 [6.12195328e+01 5.49066257e+01 4.93910509e+01]
 [5.50969457e+01 4.93818120e+01 4.44014274e+01]
 [4.95865403e+01 4.43887822e+01 3.99226972e+01]
 [4.46270180e+01 3.99162585e+01 3.58800083e+01]
 [4.01632502e+01 3.58667641e+01 3.21966891e+01]
 [3.61456309e+01 3.21898904e+01 2.89294243e+01]
 [3.25297107e+01 2.89695995e+01 2.59626878e+01]
 [2.92748748e+01 2.59292345e+01 2.33047163e+01]
 [2.63452675e+01 2.32675107e+01 2.07759986e+01]
 [2.37079743e+01 2.08763310e+01 1.86997537e+01]
 [2.13342925e+01 1.87252158e+01 1.67728032e+01]
 [1.91972755e+01 1.66538385e+01 1.48370873e+01]
 [1.72726279e+01 1.49161124e+01 1.33071504e+01]
 [1.55398954e+01 1.33160780e+01 1.18165185e+01]
 [1.39795581e+01 1.18708197e+01 1.05021842e+01]
 [1.25732389e+01 1.03506920e+01 9.26004805e+00]
 [1.13056100e+01 9.29505818e+00 8.25147958e+00]
 [1.01629027e+01 8.13582351e+00 7.29052651e+00]
 [9.13461006e+00 7.23092953e+00 6.25995202e+00]
 [8.20218904e+00 6.25413653e+00 5.51758102e+00]
 [7.36235571e+00 5.43856667e+00 4.65736477e+00]
 [6.60257308e+00 4.72274340e+00 4.02172678e+00]
 [5.91681719e+00 4.08079464e+00 3.45979380e+00]
 [5.29868776e+00 3.34416831e+00 2.88492096e+00]
 [4.73407390e+00 2.69901934e+00 2.32808870e+00]
 [4.21414983e+00 2.21592949e+00 1.94810506e+00]
 [3.72568064e+00 1.89157985e+00 1.68802215e+00]
 [3.28771635e+00 1.48506569e+00 1.24013694e+00]
 [2.88563790e+00 1.26946515e+00 8.70257006e-01]
 [2.51552774e+00 9.86418135e-01 7.15341218e-01]
 [2.16251046e+00 7.01854368e-01 5.27341214e-01]
 [1.84107991e+00 5.18386274e-01 3.67136251e-01]
 [1.53957638e+00 3.39314591e-01 2.71124377e-01]
 [1.25762496e+00 2.24206133e-01 1.67890241e-01]
 [1.01728082e+00 1.61668117e-01 1.09820309e-01]
 [7.78615695e-01 9.43439393e-02 7.56503478e-02]
 [5.74047016e-01 6.77908202e-02 3.51417272e-02]
 [4.18660265e-01 3.06847711e-02 1.49366314e-02]
 [2.63464720e-01 1.35766289e-02 8.53199574e-03]
 [1.71801433e-01 6.55432309e-03 5.36141741e-03]
 [9.61364812e-02 4.02792701e-03 1.56513933e-03]
 [4.77661410e-02 1.45703273e-03 5.40120375e-04]
 [2.13168381e-02 5.44011476e-04 1.50437985e-04]
 [8.87740950e-03 1.16213684e-04 3.32319720e-05]
 [3.06532055e-03 4.34374956e-05 8.26314781e-06]
 [8.27853499e-04 4.92894216e-06 7.84936501e-07]
 [1.22425697e-04 2.95227209e-07 9.07103127e-06]
 [6.16823001e-06 5.96843351e-07 1.48153415e-04]
 [1.07966261e-06 6.55859727e-06 1.24479197e-03]
 [7.68955990e-06 4.01787361e-05 5.01067786e-03]
 [1.18660960e-04 3.44201832e-04 1.58068336e-02]
 [3.12004492e-04 1.27440825e-03 4.29231625e-02]
 [1.00779995e-03 2.86122403e-03 9.80709386e-02]
 [2.07605985e-03 8.50828289e-03 1.74879940e-01]
 [9.74633126e-03 1.82952803e-02 2.94574439e-01]
 [2.13242172e-02 3.96582268e-02 4.64518308e-01]
 [3.75744594e-02 7.98898358e-02 6.56444566e-01]
 [9.99323715e-02 1.29251822e-01 8.74041158e-01]
 [1.67101862e-01 2.16310967e-01 1.13808415e+00]
 [2.21827360e-01 3.34460644e-01 1.47501505e+00]
 [3.36841206e-01 4.05649115e-01 1.81450003e+00]
 [4.66070125e-01 6.56616179e-01 2.17145574e+00]
 [6.75721041e-01 9.24330633e-01 2.57360150e+00]
 [9.81831597e-01 1.19200206e+00 3.01735873e+00]
 [1.17205628e+00 1.59000759e+00 3.48690065e+00]
 [1.49773920e+00 2.00870181e+00 4.00450442e+00]
 [2.01108909e+00 2.42084659e+00 4.55605062e+00]
 [2.39785021e+00 2.87355253e+00 5.16155101e+00]
 [2.99510086e+00 3.61395289e+00 5.80586705e+00]
 [3.58528661e+00 4.20695665e+00 6.51324018e+00]
 [4.40658491e+00 5.04827313e+00 7.28971270e+00]
 [5.01376492e+00 5.76980689e+00 8.14335653e+00]
 [5.96776541e+00 6.83899777e+00 9.08489953e+00]
 [6.81347876e+00 7.82084876e+00 1.01271569e+01]
 [8.05012782e+00 8.91329190e+00 1.12750556e+01]
 [8.92025063e+00 1.00855010e+01 1.25519070e+01]
 [1.01897199e+01 1.14470596e+01 1.39608915e+01]
 [1.16309698e+01 1.30811239e+01 1.55260134e+01]
 [1.30924920e+01 1.47185546e+01 1.72630288e+01]
 [1.47330064e+01 1.65177551e+01 1.91891422e+01]
 [1.65065818e+01 1.84121953e+01 2.13280676e+01]
 [1.84287328e+01 2.07169312e+01 2.37029336e+01]
 [2.07223151e+01 2.31079933e+01 2.63414153e+01]
 [2.31184881e+01 2.57941650e+01 2.92715884e+01]
 [2.58425814e+01 2.88450859e+01 3.25271743e+01]
 [2.87794703e+01 3.20959762e+01 3.61434421e+01]
 [3.20604367e+01 3.57611900e+01 4.01615386e+01]]