[[3.57976428e+01 3.98895587e+01 4.46264405e+01]
 [3.98693299e+01 4.43601139e+01 4.95860795e+01]
 [4.43795686e+01 4.93517957e+01 5.50966361e+01]
 [4.93472069e+01 5.48934072e+01 6.12193291e+01]
 [5.49171337e+01 6.10565040e+01 6.80221481e+01]
 [6.10837967e+01 6.79034372e+01 7.55807354e+01]
 [6.79730105e+01 7.55344431e+01 8.39790818e+01]
 [7.55512047e+01 8.39789855e+01 9.33102516e+01]
 [8.39790052e+01 9.25671088e+01 8.39790420e+01]
 [9.33102595e+01 8.39789902e+01 7.55535691e+01]
 [8.39790973e+01 7.55319503e+01 6.79730428e+01]
 [7.55807729e+01 6.79100150e+01 6.10983643e+01]
 [6.80221103e+01 6.10705967e+01 5.49235397e+01]
 [6.12192069e+01 5.48896485e+01 4.94039865e+01]
 [5.50965485e+01 4.93763212e+01 4.43799706e+01]
 [4.95860076e+01 4.43512281e+01 3.98769593e+01]
 [4.46262493e+01 3.98785851e+01 3.58537435e+01]
 [4.01624140e+01 3.58350335e+01 3.22130266e+01]
 [3.61445716e+01 3.21695508e+01 2.88778383e+01]
 [3.25286662e+01 2.88929839e+01 2.59749532e+01]
 [2.92736413e+01 2.59097941e+01 2.32530091e+01]
 [2.63439948e+01 2.31535549e+01 2.08380401e+01]
 [2.37061261e+01 2.08403207e+01 1.86328154e+01]
 [2.13322493e+01 1.86110559e+01 1.66357225e+01]
 [1.91951522e+01 1.66298101e+01 1.48639729e+01]
 [1.72701662e+01 1.47838749e+01 1.31463407e+01]
 [1.55355187e+01 1.31830373e+01 1.18515820e+01]
 [1.39743553e+01 1.16540700e+01 1.04319018e+01]
 [1.25677016e+01 1.05001122e+01 9.15981312e+00]
 [1.12992153e+01 9.18269474e+00 8.13535284e+00]
 [1.01578880e+01 7.88081323e+00 7.14510362e+00]
 [9.12489695e+00 6.94191873e+00 6.26428580e+00]
 [8.19065133e+00 6.18861105e+00 5.43098174e+00]
 [7.34656946e+00 5.46722109e+00 4.68550251e+00]
 [6.58564111e+00 4.71680321e+00 4.10031885e+00]
 [5.88028739e+00 4.00880682e+00 3.36793044e+00]
 [5.25099630e+00 3.52102634e+00 2.85703531e+00]
 [4.67917547e+00 2.93569141e+00 2.41305118e+00]
 [4.14994309e+00 2.40604469e+00 1.97001881e+00]
 [3.67240092e+00 1.85189837e+00 1.61085000e+00]
 [3.24012416e+00 1.55058008e+00 1.17702250e+00]
 [2.82273592e+00 1.26664659e+00 9.58484340e-01]
 [2.44672320e+00 9.81067329e-01 8.61549947e-01]
 [2.10313882e+00 7.63429392e-01 5.53532667e-01]
 [1.77254157e+00 5.52721288e-01 4.23827146e-01]
 [1.46278201e+00 4.04079295e-01 2.62592188e-01]
 [1.19031094e+00 2.49050954e-01 1.70436348e-01]
 [9.55940507e-01 1.82669220e-01 1.10340558e-01]
 [7.23652574e-01 1.05111717e-01 6.99335925e-02]
 [5.48759063e-01 6.43966399e-02 3.54018932e-02]
 [3.87191145e-01 3.83791352e-02 2.23099055e-02]
 [2.71907033e-01 2.29735279e-02 1.05112140e-02]
 [1.67323390e-01 7.00661829e-03 3.79119476e-03]
 [9.83484508e-02 2.59708527e-03 1.32510345e-03]
 [4.73904281e-02 1.41313676e-03 4.66937531e-04]
 [1.93473720e-02 2.55220737e-04 1.44627587e-04]
 [8.42941628e-03 8.45724771e-05 2.82064610e-05]
 [2.09619494e-03 1.24908537e-05 5.40403900e-06]
 [5.62351670e-04 3.57925211e-06 2.42143825e-07]
 [6.90344447e-05 3.47316729e-07 8.95410089e-06]
 [2.74679406e-06 1.17396322e-06 1.37647015e-04]
 [6.07637721e-07 6.03850860e-06 1.54532032e-03]
 [8.43794323e-06 1.27563699e-04 6.11907755e-03]
 [1.55121962e-04 2.99448451e-04 1.83663204e-02]
 [6.23870245e-04 1.27594653e-03 4.21526960e-02]
 [1.25518264e-03 3.68701720e-03 8.78872588e-02]
 [4.45881488e-03 9.79711237e-03 1.58977935e-01]
 [1.02140581e-02 1.69630519e-02 2.68900432e-01]
 [2.12644860e-02 4.02936261e-02 4.33472600e-01]
 [3.92120066e-02 6.69064563e-02 6.43558986e-01]
 [7.57240432e-02 1.20361267e-01 8.77476116e-01]
 [1.10063264e-01 1.97684315e-01 1.15238640e+00]
 [1.81247197e-01 2.85239435e-01 1.50716337e+00]
 [3.00818400e-01 4.27074412e-01 1.85648639e+00]
 [4.20208805e-01 6.49493188e-01 2.22188095e+00]
 [6.32256212e-01 9.31103586e-01 2.62992641e+00]
 [9.48608967e-01 1.05066973e+00 3.06295469e+00]
 [1.24053598e+00 1.46976784e+00 3.53369679e+00]
 [1.70848293e+00 1.97525011e+00 4.03335597e+00]
 [2.08010967e+00 2.42796396e+00 4.59324281e+00]
 [2.42142053e+00 3.07433584e+00 5.18436961e+00]
 [3.05391144e+00 3.60879827e+00 5.83678144e+00]
 [3.78019946e+00 4.33882521e+00 6.53807258e+00]
 [4.38147991e+00 5.17129820e+00 7.30662664e+00]
 [5.11695663e+00 6.00000272e+00 8.15952329e+00]
 [5.87198359e+00 6.84298341e+00 9.09920707e+00]
 [6.87450791e+00 7.87838898e+00 1.01354058e+01]
 [7.85299783e+00 9.06543961e+00 1.12842741e+01]
 [9.15148880e+00 1.03590299e+01 1.25563136e+01]
 [1.03365484e+01 1.17041531e+01 1.39672390e+01]
 [1.17033529e+01 1.30906093e+01 1.55304990e+01]
 [1.30758368e+01 1.47668821e+01 1.72653390e+01]
 [1.47080213e+01 1.65710016e+01 1.91917490e+01]
 [1.66039223e+01 1.84472196e+01 2.13302657e+01]
 [1.85812488e+01 2.06465025e+01 2.37054134e+01]
 [2.07428617e+01 2.31430204e+01 2.63428795e+01]
 [2.32444229e+01 2.58750445e+01 2.92727907e+01]
 [2.58395624e+01 2.87795004e+01 3.25280895e+01]
 [2.88139668e+01 3.20344733e+01 3.61445057e+01]
 [3.21125424e+01 3.57787066e+01 4.01623899e+01]]