[[3.49177959e-01 1.28387046e+00 4.89198619e+00]
 [1.74328865e+00 4.98027930e+00 1.34310599e+01]
 [5.44747752e+00 1.27126752e+01 2.74604853e+01]
 [1.58923997e+01 2.42672192e+01 4.41117710e+01]
 [2.99452027e+01 4.12751134e+01 5.99192793e+01]
 [4.63033980e+01 5.86208641e+01 7.16946508e+01]
 [6.22527146e+01 7.07018069e+01 8.09472576e+01]
 [7.23684264e+01 8.09866212e+01 8.99937565e+01]
 [8.09884523e+01 9.99954827e+01 8.09651760e+01]
 [8.99955006e+01 8.09909590e+01 7.28045506e+01]
 [8.09955203e+01 7.27918456e+01 6.55050781e+01]
 [7.28954961e+01 6.55052268e+01 5.89396130e+01]
 [6.56055081e+01 5.89437716e+01 5.30428844e+01]
 [5.90445187e+01 5.30358281e+01 4.77446771e+01]
 [5.31396184e+01 4.77366022e+01 4.29461914e+01]
 [4.78251976e+01 4.29550843e+01 3.86505458e+01]
 [4.30422386e+01 3.86513533e+01 3.47804938e+01]
 [3.87375896e+01 3.47857104e+01 3.12779641e+01]
 [3.48633639e+01 3.12779580e+01 2.81494197e+01]
 [3.13765435e+01 2.81506210e+01 2.53351197e+01]
 [2.82384260e+01 2.53273616e+01 2.27973988e+01]
 [2.54141769e+01 2.27875755e+01 2.05071336e+01]
 [2.28723185e+01 2.05063360e+01 1.84395860e+01]
 [2.05846864e+01 1.84474571e+01 1.65924951e+01]
 [1.85257596e+01 1.65946667e+01 1.49301271e+01]
 [1.66727703e+01 1.49356540e+01 1.34316204e+01]
 [1.50051057e+01 1.34395706e+01 1.20765631e+01]
 [1.35041682e+01 1.20873548e+01 1.08748551e+01]
 [1.21533391e+01 1.08618327e+01 9.77373553e+00]
 [1.09375885e+01 9.77058570e+00 8.79268112e+00]
 [9.84343277e+00 8.79790724e+00 7.89183699e+00]
 [8.85410611e+00 7.66967722e+00 6.71516672e+00]
 [7.77394346e+00 6.18081597e+00 5.22735711e+00]
 [6.43981644e+00 4.74018825e+00 3.74231241e+00]
 [4.87755770e+00 3.24217944e+00 2.51895638e+00]
 [3.47061496e+00 2.18865510e+00 1.60126202e+00]
 [2.32803268e+00 1.44226878e+00 1.03744237e+00]
 [1.51516371e+00 8.92772486e-01 6.07231025e-01]
 [9.24122489e-01 5.40416485e-01 3.63203094e-01]
 [5.82420215e-01 3.06594903e-01 1.90657060e-01]
 [3.37294672e-01 1.49683499e-01 8.44652087e-02]
 [1.68579812e-01 7.00962313e-02 3.64526540e-02]
 [8.46982901e-02 3.57500413e-02 1.23191271e-02]
 [3.48803060e-02 1.05009339e-02 3.29098753e-03]
 [9.39243977e-03 2.34216447e-03 8.53813614e-04]
 [2.71355304e-03 6.15710389e-04 1.31866631e-04]
 [5.62988930e-04 9.86140201e-05 3.08575136e-05]
 [1.17416943e-04 2.68643965e-05 5.95876055e-06]
 [2.30479071e-05 3.70276411e-06 1.24335597e-06]
 [5.17681693e-06 1.35527074e-06 4.40529425e-07]
 [1.59297004e-06 3.51876526e-07 8.43530492e-08]
 [4.08921538e-07 6.28838767e-08 1.33623287e-08]
 [8.31712046e-08 1.25477904e-08 2.08826292e-09]
 [1.25724855e-08 1.82137649e-09 2.97673652e-10]
 [1.98242085e-09 2.94285999e-10 3.03536349e-11]
 [2.07573799e-10 2.78147942e-11 3.44151214e-12]
 [2.52455801e-11 2.19362027e-12 3.72421648e-13]
 [3.06467473e-12 2.54686480e-13 2.65918785e-14]
 [3.19700630e-13 2.90918562e-14 1.32970360e-15]
 [2.04585116e-14 1.13425893e-15 1.05965165e-16]
 [1.26691831e-15 8.04137048e-17 4.37280631e-18]
 [7.76300131e-17 3.97651475e-18 2.44338480e-19]
 [3.59917574e-18 2.11356959e-19 1.73424693e-20]
 [2.08165930e-19 1.37983931e-20 1.01450205e-21]
 [1.34928370e-20 1.14456978e-21 1.72333615e-22]
 [1.42184137e-21 1.36801447e-22 1.57524487e-23]
 [1.24672733e-22 1.20916258e-23 1.04147876e-24]
 [1.16641007e-23 5.42990598e-25 6.23238362e-26]
 [9.15631258e-25 5.57642213e-26 7.04589960e-27]
 [8.63239666e-26 6.03642682e-27 6.82676049e-28]
 [6.62455402e-27 3.37296360e-28 3.06030028e-29]
 [4.45586665e-28 3.45890325e-29 8.52192344e-29]
 [2.54875980e-29 7.93996441e-29 9.17683211e-28]
 [1.07094292e-28 8.85794818e-28 1.08755164e-26]
 [7.79262585e-28 1.17711447e-26 7.36913286e-26]
 [1.24619894e-26 8.59663000e-26 5.30883092e-25]
 [6.45591594e-26 4.59836593e-25 5.47043125e-24]
 [5.77272881e-25 4.69683708e-24 6.34063599e-23]
 [5.47615235e-24 7.74621167e-23 9.68709121e-22]
 [7.17986150e-23 6.92770980e-22 1.14924410e-20]
 [7.69159910e-22 6.61377031e-21 1.47588175e-19]
 [8.31087172e-21 8.22269848e-20 2.29614716e-18]
 [1.45115231e-19 2.57609021e-18 3.95058754e-17]
 [2.88914439e-18 3.75508912e-17 4.42852443e-16]
 [3.92736931e-17 4.60829887e-16 4.85396296e-15]
 [6.07966596e-16 4.34014125e-15 4.41775984e-14]
 [6.50507198e-15 3.19074058e-14 2.73732811e-13]
 [3.31036465e-14 2.82746422e-13 2.79713802e-12]
 [2.62459939e-13 2.91491447e-12 4.35259534e-11]
 [3.33465647e-12 5.44231209e-11 5.38403070e-10]
 [5.29851874e-11 5.21617207e-10 7.51571626e-09]
 [5.93936006e-10 1.08486101e-08 1.19002965e-07]
 [1.07862577e-08 9.01901618e-08 1.53474661e-06]
 [9.42360518e-08 7.37490358e-07 2.36716169e-05]
 [1.65376299e-06 1.39606988e-05 2.91556231e-04]
 [2.96083490e-05 2.68006902e-04 2.20991562e-03]
 [3.57297198e-04 2.56490550e-03 1.54157788e-02]
 [3.16278782e-03 1.65368360e-02 7.54842595e-02]
 [1.82300340e-02 7.53990304e-02 3.51559735e-01]
 [8.65526190e-02 3.07857064e-01 1.35977111e+00]]