[[35.38134234 39.47957924 44.6233505 ]
 [39.49897499 44.13687259 49.58390204]
 [44.20077637 49.1733892  55.09503784]
 [49.14009993 54.68178773 61.21809771]
 [54.74967165 60.90209039 68.02121498]
 [60.93325291 67.76213043 75.57998308]
 [67.79096992 75.3809135  83.97847108]
 [75.38832852 83.81212807 93.30999162]
 [83.91232808 92.56710881 83.90580238]
 [93.30993454 83.8365073  75.4286447 ]
 [83.97838462 75.39258499 67.81274234]
 [75.57987684 67.79989954 60.98904226]
 [68.0210544  60.93730154 54.82370859]
 [61.2179339  54.830898   49.27567473]
 [55.09485348 49.23167309 44.27460421]
 [49.58376588 44.24600065 39.66002186]
 [44.62331593 39.62033234 35.56718599]
 [40.15825365 35.37477039 31.93449531]
 [36.13895256 31.79986548 28.45771845]
 [32.5203481  28.47032261 25.31602898]
 [29.26168447 25.24463535 22.6817104 ]
 [26.32610802 22.56671038 19.97885088]
 [23.67967638 19.99414708 17.55068953]
 [21.29128477 17.40526437 15.62528229]
 [19.13155154 15.39382367 13.25704627]
 [17.1737806  13.0615164  11.43162276]
 [15.38761213 11.33307165  9.53404325]
 [13.74153609  9.57280496  7.56472835]
 [12.18803608  7.23604875  5.65563476]
 [10.67558501  5.26542422  4.37233085]
 [ 9.13147049  4.08328286  2.75061971]
 [ 7.43436699  2.65360608  1.49628941]
 [ 5.43466334  1.1441603   0.70216227]
 [ 3.01844332  0.40611413  0.27271807]
 [ 0.45938824  0.26788326  2.7486255 ]
 [ 0.38536596  0.88026437  5.55076583]
 [ 1.099405    2.16972452  7.96709741]
 [ 2.58116033  3.51079447 10.00653151]
 [ 3.82455932  5.89816316 11.81386624]
 [ 6.23044821  7.15012725 13.51250648]
 [ 7.54252203  9.75985164 15.24898116]
 [10.0641471  11.86564617 17.09110182]
 [12.27899656 14.69298832 19.08104958]
 [14.69549866 16.68220408 21.26193059]
 [16.82164929 19.32045055 23.66232707]
 [19.32716468 22.10027822 26.31583159]
 [22.05374366 24.80605276 29.25613809]
 [25.27691882 28.41243768 32.51749957]
 [28.3738184  31.51774035 36.1378312 ]
 [31.73531812 35.50966341 40.15794525]]