[[27.16232211 30.1803579  33.533731  ]
 [30.1803579  33.533731   37.25970111]
 [33.533731   37.25970111 41.3996679 ]
 [37.25970111 41.3996679  45.999631  ]
 [41.3996679  45.999631   51.11070111]
 [45.999631   51.11070111 56.7896679 ]
 [51.11070111 56.7896679  63.099631  ]
 [56.7896679  63.099631   70.11070111]
 [63.099631   66.7896679  63.099631  ]
 [70.11070111 63.099631   56.7896679 ]
 [63.099631   56.7896679  51.11070111]
 [56.7896679  51.11070111 45.999631  ]
 [51.11070111 45.999631   41.3996679 ]
 [45.999631   41.3996679  37.25970111]
 [41.3996679  37.25970111 33.533731  ]
 [37.25970111 33.533731   30.1803579 ]
 [33.533731   30.1803579  27.16232211]
 [30.1803579  27.16232211 24.4460899 ]
 [27.16232211 24.4460899  22.00148091]
 [24.4460899  22.00148091 19.80133282]
 [22.00148091 19.80133282 17.82119953]
 [19.80133282 17.82119953 16.03907958]
 [17.82119953 16.03907958 14.43517162]
 [16.03907958 14.43517162 12.99165446]
 [14.43517162 12.99165446 11.69248901]
 [12.99165446 11.69248901 10.52324011]
 [11.69248901 10.52324011  9.4709161 ]
 [10.52324011  9.4709161   8.52382449]
 [ 9.4709161   8.52382449  7.67144204]
 [ 8.52382449  7.67144204  6.90429784]
 [ 7.67144204  6.90429784  6.21386805]
 [ 6.90429784  6.21386805  5.59248125]
 [ 6.21386805  5.59248125  5.03323312]
 [ 5.59248125  5.03323312  5.59248125]
 [ 5.03323312  5.59248125  6.21386805]
 [ 5.59248125  6.21386805  6.90429784]
 [ 6.21386805  6.90429784  7.67144204]
 [ 6.90429784  7.67144204  8.52382449]
 [ 7.67144204  8.52382449  9.4709161 ]
 [ 8.52382449  9.4709161  10.52324011]
 [ 9.4709161  10.52324011 11.69248901]
 [10.52324011 11.69248901 12.99165446]
 [11.69248901 12.99165446 14.43517162]
 [12.99165446 14.43517162 16.03907958]
 [14.43517162 16.03907958 17.82119953]
 [16.03907958 17.82119953 19.80133282]
 [17.82119953 19.80133282 22.00148091]
 [19.80133282 22.00148091 24.4460899 ]
 [22.00148091 24.4460899  27.16232211]
 [24.4460899  27.16232211 30.1803579 ]]