[[3.48606317e+01 3.86645517e+01 4.30427610e+01]
 [3.87350445e+01 4.29492005e+01 4.78256436e+01]
 [4.30389801e+01 4.77353077e+01 5.31399845e+01]
 [4.78220147e+01 5.30551754e+01 5.90448289e+01]
 [5.31361972e+01 5.89433944e+01 6.56057683e+01]
 [5.90413739e+01 6.55158677e+01 7.28956928e+01]
 [6.56010300e+01 7.27941113e+01 8.09956269e+01]
 [7.28920082e+01 8.08959831e+01 8.99955729e+01]
 [8.09913372e+01 9.99954827e+01 8.09831610e+01]
 [8.99903443e+01 8.02651344e+01 7.24945696e+01]
 [8.08367899e+01 6.87138612e+01 6.24990831e+01]
 [7.12800351e+01 5.65394372e+01 4.99927510e+01]
 [5.96762058e+01 4.44927277e+01 3.89982508e+01]
 [4.76361396e+01 3.51106881e+01 3.03815866e+01]
 [3.76209402e+01 2.66724729e+01 2.38787106e+01]
 [2.97661468e+01 2.16727816e+01 1.92143033e+01]
 [2.38789970e+01 1.78767360e+01 1.53270991e+01]
 [1.92073595e+01 1.42208252e+01 1.22389846e+01]
 [1.53322872e+01 1.14942875e+01 1.00152941e+01]
 [1.24186391e+01 9.37600787e+00 8.17635111e+00]
 [1.01491203e+01 7.60465042e+00 6.82434244e+00]
 [8.42338756e+00 6.47316374e+00 5.45723206e+00]
 [6.89312574e+00 5.25945891e+00 4.54260439e+00]
 [5.69413655e+00 4.31136608e+00 3.78658850e+00]
 [4.72625302e+00 3.57652909e+00 3.23205560e+00]
 [3.96658563e+00 3.02256403e+00 2.62027138e+00]
 [3.29304792e+00 2.44242265e+00 2.09651639e+00]
 [2.69709608e+00 2.01534056e+00 1.73721254e+00]
 [2.20873645e+00 1.62785437e+00 1.42432298e+00]
 [1.81681608e+00 1.30194022e+00 1.14232522e+00]
 [1.48888592e+00 1.03914315e+00 8.73147511e-01]
 [1.17919664e+00 8.10005933e-01 7.18238672e-01]
 [9.45836502e-01 6.26339078e-01 5.63347703e-01]
 [7.55648906e-01 4.76582438e-01 4.24895886e-01]
 [5.94514220e-01 3.61987277e-01 3.16620856e-01]
 [4.54064820e-01 2.66142022e-01 2.19796617e-01]
 [3.29823436e-01 1.85476932e-01 1.56701104e-01]
 [2.41274012e-01 1.36214753e-01 1.11154843e-01]
 [1.73363046e-01 9.27772724e-02 7.25276069e-02]
 [1.18694013e-01 5.79530390e-02 4.34967733e-02]
 [7.68171390e-02 3.69872095e-02 2.99526546e-02]
 [4.99909555e-02 2.68004046e-02 2.07087766e-02]
 [3.40781670e-02 1.84960355e-02 1.39693546e-02]
 [2.31894966e-02 1.22717902e-02 9.78386195e-03]
 [1.61323704e-02 8.26563208e-03 6.78936124e-03]
 [1.12635809e-02 5.20917966e-03 4.54535310e-03]
 [7.63782845e-03 3.84529119e-03 2.77208471e-03]
 [4.97142462e-03 2.19254730e-03 2.50835736e-03]
 [3.11719020e-03 2.35601132e-03 9.99356517e-03]
 [4.33303501e-03 7.95088829e-03 3.16595810e-02]
 [1.52529254e-02 3.04923917e-02 8.84003790e-02]
 [5.31329262e-02 7.23655676e-02 1.58992178e-01]
 [1.14303170e-01 1.34514438e-01 2.34660783e-01]
 [1.88662079e-01 2.08822812e-01 2.93526673e-01]
 [2.55004567e-01 2.72127634e-01 3.36129343e-01]
 [3.01564341e-01 3.26686119e-01 3.74411831e-01]
 [3.36173338e-01 3.64211326e-01 4.16103975e-01]
 [3.73513750e-01 4.03735067e-01 4.62435257e-01]
 [4.15183331e-01 4.50386824e-01 5.13930978e-01]
 [4.61545657e-01 5.01293310e-01 5.71145613e-01]
 [5.12977898e-01 5.58378562e-01 6.34722110e-01]
 [5.70105274e-01 6.20383284e-01 7.05368432e-01]
 [6.33636473e-01 6.89904224e-01 7.83867403e-01]
 [7.04410283e-01 7.67800755e-01 8.71083822e-01]
 [7.82966918e-01 8.55448293e-01 9.68004378e-01]
 [8.69923595e-01 9.51432365e-01 1.07570635e+00]
 [9.66846857e-01 1.05744479e+00 1.19537539e+00]
 [1.07422783e+00 1.17804542e+00 1.32835441e+00]
 [1.19428561e+00 1.30898682e+00 1.47611099e+00]
 [1.32702621e+00 1.45417926e+00 1.64028004e+00]
 [1.47466186e+00 1.61744085e+00 1.82269952e+00]
 [1.63880083e+00 1.79622420e+00 2.02540208e+00]
 [1.82095803e+00 1.99985480e+00 2.25062581e+00]
 [2.02372939e+00 2.22446079e+00 2.50087642e+00]
 [2.24915278e+00 2.47657198e+00 2.77893971e+00]
 [2.49903854e+00 2.75068651e+00 3.08791451e+00]
 [2.77697547e+00 3.05877654e+00 3.43122710e+00]
 [3.08619673e+00 3.39884484e+00 3.81269087e+00]
 [3.42936151e+00 3.77820231e+00 4.23654426e+00]
 [3.81077533e+00 4.20428144e+00 4.70749218e+00]
 [4.23428848e+00 4.67225002e+00 5.23077689e+00]
 [4.70554164e+00 5.19322464e+00 5.81220552e+00]
 [5.22872582e+00 5.77237350e+00 6.45824148e+00]
 [5.81016916e+00 6.41359153e+00 7.17606907e+00]
 [6.45604667e+00 7.13399454e+00 7.97365972e+00]
 [7.17346443e+00 7.92566845e+00 8.85988319e+00]
 [7.97122155e+00 8.81333495e+00 9.84459293e+00]
 [8.85751049e+00 9.79642468e+00 1.09387241e+01]
 [9.84183136e+00 1.08872928e+01 1.21544301e+01]
 [1.09362539e+01 1.21024481e+01 1.35052118e+01]
 [1.21513624e+01 1.34478227e+01 1.50061125e+01]
 [1.35022001e+01 1.49490903e+01 1.66737846e+01]
 [1.50036785e+01 1.66133959e+01 1.85267280e+01]
 [1.66707247e+01 1.84607858e+01 2.05855740e+01]
 [1.85234969e+01 2.05250924e+01 2.28731901e+01]
 [2.05819980e+01 2.27996782e+01 2.54149906e+01]
 [2.28692715e+01 2.53498792e+01 2.82392153e+01]
 [2.54111435e+01 2.81602307e+01 3.13772655e+01]
 [2.82350769e+01 3.13012430e+01 3.48640047e+01]
 [3.13740954e+01 3.47897584e+01 3.87381531e+01]]