[[3.15771708e+01 3.68197800e+01 4.38496706e+01]
 [3.87594571e+01 4.38760941e+01 4.95375291e+01]
 [4.45256516e+01 4.95361043e+01 5.50979557e+01]
 [4.95319170e+01 5.50421427e+01 6.12201691e+01]
 [5.50380122e+01 6.11695468e+01 6.80226263e+01]
 [6.11621295e+01 6.79667920e+01 7.55809100e+01]
 [6.79646656e+01 7.55296222e+01 8.39790009e+01]
 [7.55229147e+01 8.39253881e+01 9.33102109e+01]
 [8.39107915e+01 9.25671088e+01 8.38386383e+01]
 [9.32495507e+01 8.21992520e+01 7.23019136e+01]
 [8.24716785e+01 6.67893904e+01 5.39220355e+01]
 [6.69893723e+01 4.70230114e+01 3.43318489e+01]
 [4.76110775e+01 2.92477223e+01 1.79457596e+01]
 [2.85436719e+01 1.44877670e+01 8.97562892e+00]
 [1.57187486e+01 7.89910893e+00 3.23082065e+00]
 [7.11860758e+00 2.37235536e+00 1.25216825e+00]
 [3.04839868e+00 9.69064556e-01 2.63185433e-01]
 [8.51890707e-01 2.18582200e-01 5.27664975e-02]
 [2.01174982e-01 4.78509888e-02 1.04645177e-02]
 [4.46522672e-02 9.82449686e-03 2.12796984e-03]
 [9.45682728e-03 1.62805519e-03 3.08254147e-04]
 [1.78614378e-03 2.48756308e-04 2.94508132e-05]
 [2.37122731e-04 2.00322391e-05 1.60050829e-06]
 [1.85474506e-05 1.18437428e-06 6.48582857e-08]
 [8.78755347e-07 5.42526354e-08 2.69799419e-09]
 [3.47076675e-08 2.53609525e-09 3.91220011e-10]
 [3.49759296e-09 3.23160846e-10 5.34205072e-11]
 [3.15675383e-10 5.33931087e-11 1.21848704e-11]
 [5.64733498e-11 1.29266893e-11 1.91715639e-12]
 [1.16129070e-11 1.52194086e-12 1.58432265e-13]
 [1.49122149e-12 1.51865680e-13 2.06679499e-14]
 [1.80941883e-13 1.37270262e-14 1.96927932e-15]
 [1.80650425e-14 2.02718042e-15 1.95547680e-16]
 [1.98898568e-15 1.44241317e-16 1.02176655e-17]
 [1.32183022e-16 1.05797848e-17 4.44394014e-19]
 [7.73148113e-18 4.25630432e-19 4.24601069e-20]
 [4.86785444e-19 4.18742564e-20 3.61427804e-21]
 [4.33623505e-20 2.19412562e-21 1.15176033e-22]
 [1.78626936e-21 1.56371108e-22 1.77302374e-23]
 [1.91916976e-22 7.63053219e-24 5.89830284e-25]
 [1.24027013e-23 3.50251878e-25 1.74097380e-26]
 [4.55223153e-25 1.36928464e-26 6.49164073e-28]
 [1.05043555e-26 7.55171031e-28 1.20711977e-29]
 [3.58575728e-28 9.82200913e-30 4.37883493e-31]
 [1.03064451e-29 3.69195834e-31 3.34692946e-33]
 [1.79417678e-31 4.64190685e-33 4.71741404e-35]
 [2.32704094e-33 4.68756502e-35 3.33281066e-37]
 [4.10840135e-35 4.40789392e-37 3.06615106e-39]
 [3.33555101e-37 1.02533072e-39 1.81808501e-40]
 [9.90014078e-39 3.20919130e-40 2.76184785e-40]
 [6.03673315e-41 3.11959027e-40 8.57342613e-39]
 [2.85089075e-40 9.65785741e-39 2.72390172e-37]
 [1.06300838e-38 3.10813962e-37 7.45923437e-36]
 [3.81200290e-37 1.05576492e-35 2.80862404e-34]
 [1.88260675e-35 3.65669590e-34 6.11567394e-33]
 [4.73807778e-34 5.20383960e-33 7.66467599e-32]
 [4.56894296e-33 7.44253059e-32 1.61547461e-30]
 [1.06355570e-31 1.47028853e-30 2.73028048e-29]
 [1.46651481e-30 3.97116905e-29 6.18830588e-28]
 [2.78429144e-29 7.66160311e-28 2.41407164e-26]
 [1.40565591e-27 1.57365368e-26 3.34452482e-25]
 [2.46413518e-26 1.86277754e-25 5.25374557e-24]
 [3.83397538e-25 8.40549807e-24 8.96578873e-23]
 [8.39862758e-24 1.38363283e-22 8.36428520e-22]
 [9.95581312e-23 7.35234856e-22 6.49324240e-21]
 [7.89659033e-22 3.97922883e-21 5.18598892e-20]
 [5.21699534e-21 4.83100098e-20 5.01854373e-19]
 [4.14583322e-20 5.49005843e-19 6.96237217e-18]
 [8.33524689e-19 5.31569516e-18 6.13463939e-17]
 [7.55207499e-18 3.81909514e-17 5.00494356e-16]
 [6.66502577e-17 6.18840872e-16 4.41258169e-15]
 [4.70861336e-16 2.73691273e-15 5.96581566e-14]
 [4.75301180e-15 1.20036868e-13 1.13083229e-12]
 [1.14642003e-13 1.64133102e-12 1.42325539e-11]
 [1.84455610e-12 1.14536277e-11 1.10623056e-10]
 [1.40971420e-11 2.05354557e-10 1.63784413e-09]
 [2.53968198e-10 1.78077838e-09 9.02758106e-09]
 [1.47794470e-09 1.01039859e-08 6.61545898e-08]
 [1.13328927e-08 7.38388097e-08 4.78583958e-07]
 [1.02125313e-07 3.47235306e-07 2.37284505e-06]
 [4.25650746e-07 2.56036755e-06 1.27353054e-05]
 [2.82490344e-06 1.15016826e-05 5.54762982e-05]
 [1.41845032e-05 5.08308248e-05 1.87250323e-04]
 [4.87079503e-05 1.76142824e-04 7.10757915e-04]
 [2.41260928e-04 6.53389515e-04 2.35911221e-03]
 [7.40736950e-04 2.31188753e-03 8.91308242e-03]
 [2.82930157e-03 1.04551428e-02 3.18222374e-02]
 [1.16116801e-02 2.83645026e-02 8.50356507e-02]
 [3.18075735e-02 7.52660892e-02 2.25778569e-01]
 [9.96689955e-02 2.11327524e-01 5.07274484e-01]
 [2.39555886e-01 4.66717261e-01 1.11057674e+00]
 [5.83190829e-01 1.14667355e+00 2.20534720e+00]
 [1.24937289e+00 2.19489554e+00 3.99987694e+00]
 [2.43644700e+00 4.00266993e+00 6.47456491e+00]
 [4.48263365e+00 6.56274510e+00 9.34407467e+00]
 [6.96747881e+00 9.60729010e+00 1.27478439e+01]
 [9.89823053e+00 1.24322754e+01 1.67596233e+01]
 [1.33417945e+01 1.68729895e+01 2.23138864e+01]
 [1.79732169e+01 2.22153346e+01 2.95156832e+01]
 [2.40790739e+01 2.97503799e+01 3.70789752e+01]]