[[3.90757369e-01 1.12628735e+00 4.31334709e+00]
 [1.51771577e+00 4.49543008e+00 1.22517324e+01]
 [5.66366289e+00 1.13960544e+01 2.58263837e+01]
 [1.46328310e+01 2.35053717e+01 4.24083657e+01]
 [2.72540683e+01 4.03607136e+01 5.93387933e+01]
 [4.68666669e+01 5.74590063e+01 7.15226886e+01]
 [6.19978001e+01 7.08834852e+01 8.09319537e+01]
 [7.23883820e+01 8.09878084e+01 8.99936477e+01]
 [8.09866541e+01 9.99954827e+01 8.09679215e+01]
 [8.99955235e+01 8.09915131e+01 7.28234990e+01]
 [8.09955210e+01 7.28015849e+01 6.55060351e+01]
 [7.28955427e+01 6.55054686e+01 5.89490194e+01]
 [6.56055365e+01 5.89449650e+01 5.30286371e+01]
 [5.90445235e+01 5.30395520e+01 4.77328762e+01]
 [5.31396566e+01 4.77329574e+01 4.29397661e+01]
 [4.78252240e+01 4.29525453e+01 3.86393014e+01]
 [4.30422186e+01 3.86490430e+01 3.47772485e+01]
 [3.87375727e+01 3.47787083e+01 3.12932145e+01]
 [3.48634098e+01 3.12938473e+01 2.81540110e+01]
 [3.13766308e+01 2.81509400e+01 2.53248681e+01]
 [2.82385487e+01 2.53268189e+01 2.27726760e+01]
 [2.54142531e+01 2.27827889e+01 2.05002137e+01]
 [2.28724291e+01 2.04965498e+01 1.84429748e+01]
 [2.05847981e+01 1.84484244e+01 1.65893614e+01]
 [1.85258405e+01 1.65989877e+01 1.49307565e+01]
 [1.66728275e+01 1.49309553e+01 1.34347771e+01]
 [1.50051138e+01 1.34397645e+01 1.20819128e+01]
 [1.35041621e+01 1.20751155e+01 1.08673032e+01]
 [1.21533068e+01 1.08704689e+01 9.76939071e+00]
 [1.09375583e+01 9.77360858e+00 8.79256260e+00]
 [9.84341260e+00 8.79952686e+00 7.89061980e+00]
 [8.85449731e+00 7.68964228e+00 6.78544580e+00]
 [7.78265379e+00 6.26423357e+00 5.30600539e+00]
 [6.57371790e+00 4.84809933e+00 3.75500855e+00]
 [4.90106089e+00 3.36265122e+00 2.51612632e+00]
 [3.50253515e+00 2.19093795e+00 1.67735464e+00]
 [2.37881741e+00 1.51599641e+00 1.04528964e+00]
 [1.56022314e+00 9.33584086e-01 6.64105689e-01]
 [9.99366823e-01 5.87382521e-01 4.16962387e-01]
 [6.50033582e-01 3.73838463e-01 2.11006372e-01]
 [3.76009882e-01 1.90672325e-01 9.08115486e-02]
 [1.85081605e-01 8.00276603e-02 3.47758014e-02]
 [8.36050729e-02 3.22377828e-02 1.16995871e-02]
 [3.00559424e-02 8.30293798e-03 2.57911448e-03]
 [8.89632222e-03 2.49548705e-03 6.95213747e-04]
 [2.34745587e-03 5.07799026e-04 1.47607641e-04]
 [5.58994013e-04 1.36903320e-04 3.23857304e-05]
 [1.21096689e-04 2.75244451e-05 7.29666940e-06]
 [2.79445711e-05 5.27987273e-06 1.41205846e-06]
 [6.14376381e-06 1.13945460e-06 2.97488049e-07]
 [1.53602907e-06 3.37370645e-07 5.42088838e-08]
 [3.00892013e-07 6.37888561e-08 8.42235432e-09]
 [5.26494721e-08 8.53097194e-09 1.15038821e-09]
 [7.33391754e-09 1.15123472e-09 1.02300462e-10]
 [9.34017811e-10 9.45117781e-11 9.92557195e-12]
 [8.16760037e-11 9.85274976e-12 8.18702732e-13]
 [8.46905971e-12 7.91868501e-13 5.19619676e-14]
 [6.94060959e-13 3.38966989e-14 1.86522911e-15]
 [2.92941937e-14 2.30543692e-15 1.57369849e-16]
 [1.69106619e-15 1.29345626e-16 1.22822902e-17]
 [1.87772133e-16 2.03364273e-17 1.23857847e-18]
 [1.03070000e-17 1.10695735e-18 1.79470309e-19]
 [1.32793085e-18 1.38343424e-19 8.90448128e-21]
 [1.32375123e-19 7.34477656e-21 6.04074750e-22]
 [9.69523359e-21 4.57932227e-22 2.42699256e-23]
 [4.41044397e-22 3.04505066e-23 1.65261067e-24]
 [2.22398138e-23 2.36036147e-24 2.10244881e-25]
 [3.02345846e-24 3.21226273e-25 2.45157320e-26]
 [2.51844363e-25 3.02906408e-26 1.46311179e-25]
 [2.83715976e-26 1.03260269e-25 1.06302015e-24]
 [1.25067495e-25 1.11801239e-24 1.14429421e-23]
 [1.06944897e-24 1.24347551e-23 1.05453478e-22]
 [1.12253801e-23 1.08887733e-22 9.78346719e-22]
 [1.38354213e-22 6.86128255e-22 5.35368984e-21]
 [7.20370076e-22 7.12404073e-21 5.79781764e-20]
 [8.07106733e-21 5.18922652e-20 3.48365995e-19]
 [4.92455082e-20 3.72246548e-19 2.36409147e-18]
 [4.35430085e-19 2.89916994e-18 1.24827029e-17]
 [2.28447788e-18 1.16955503e-17 8.35995716e-17]
 [1.36548067e-17 9.15471317e-17 5.65653906e-16]
 [9.29294237e-17 5.64263860e-16 3.21465148e-15]
 [6.49393205e-16 2.64796043e-15 1.21180616e-14]
 [2.94339591e-15 1.25740201e-14 6.39286525e-14]
 [1.34035376e-14 5.32615813e-14 2.95125141e-13]
 [5.47930703e-14 2.95813925e-13 1.49314470e-12]
 [2.38234664e-13 1.20864071e-12 1.04041931e-11]
 [1.88471587e-12 1.01340808e-11 5.17247167e-11]
 [9.53433375e-12 4.59677587e-11 2.49401717e-10]
 [5.58329998e-11 3.00766753e-10 1.62194876e-09]
 [3.28826416e-10 1.42340258e-09 1.13989308e-08]
 [1.96338037e-09 1.15165354e-08 1.02998385e-07]
 [1.55398304e-08 1.09145731e-07 7.19625825e-07]
 [1.24529684e-07 6.99898148e-07 3.67100396e-06]
 [6.38751445e-07 4.60913386e-06 2.51551528e-05]
 [4.35370020e-06 1.82767528e-05 1.56995175e-04]
 [2.69895930e-05 1.06931074e-04 1.13040763e-03]
 [1.74093102e-04 9.16902185e-04 1.21904873e-02]
 [1.62193663e-03 9.13999371e-03 6.09403407e-02]
 [1.14643670e-02 5.70137487e-02 3.19814666e-01]
 [6.60466570e-02 2.89220474e-01 1.31594031e+00]]