[[5.85626625e-01 1.63306283e+00 4.54829519e+00]
 [1.62763193e+00 3.99772537e+00 1.13812773e+01]
 [5.29627238e+00 1.15439186e+01 2.25998787e+01]
 [1.30369334e+01 2.17400677e+01 4.07803170e+01]
 [2.66167763e+01 3.85822716e+01 5.86263507e+01]
 [4.51494066e+01 5.56301908e+01 7.12250908e+01]
 [6.13034218e+01 7.06001648e+01 8.09523974e+01]
 [7.24426068e+01 8.09882205e+01 8.99937434e+01]
 [8.09871258e+01 9.99954827e+01 8.09671339e+01]
 [8.99955054e+01 8.09910429e+01 7.28076990e+01]
 [8.09955506e+01 7.28042619e+01 6.55025793e+01]
 [7.28955186e+01 6.55199787e+01 5.89563696e+01]
 [6.56055010e+01 5.89368057e+01 5.30529418e+01]
 [5.90445272e+01 5.30492808e+01 4.77404366e+01]
 [5.31396228e+01 4.77360370e+01 4.29562156e+01]
 [4.78252102e+01 4.29426048e+01 3.86449167e+01]
 [4.30422501e+01 3.86494199e+01 3.47769055e+01]
 [3.87375855e+01 3.47676220e+01 3.12875501e+01]
 [3.48633652e+01 3.12867750e+01 2.81428987e+01]
 [3.13766038e+01 2.81510918e+01 2.53301872e+01]
 [2.82385068e+01 2.53354924e+01 2.27951916e+01]
 [2.54141984e+01 2.27928091e+01 2.05058502e+01]
 [2.28723742e+01 2.05091299e+01 1.84434311e+01]
 [2.05847071e+01 1.84481417e+01 1.65832450e+01]
 [1.85258015e+01 1.66011261e+01 1.49363647e+01]
 [1.66728028e+01 1.49323681e+01 1.34418857e+01]
 [1.50050952e+01 1.34288645e+01 1.20814449e+01]
 [1.35041654e+01 1.20760869e+01 1.08626305e+01]
 [1.21533483e+01 1.08696805e+01 9.76872433e+00]
 [1.09376116e+01 9.78234491e+00 8.79676654e+00]
 [9.84346735e+00 8.79505220e+00 7.88846368e+00]
 [8.85346949e+00 7.65856372e+00 6.72975775e+00]
 [7.77874737e+00 6.21941851e+00 5.18412831e+00]
 [6.42684442e+00 4.80257087e+00 3.81368163e+00]
 [4.87706255e+00 3.32987027e+00 2.53734502e+00]
 [3.56863913e+00 2.39847005e+00 1.60543044e+00]
 [2.40532922e+00 1.46866739e+00 9.59630118e-01]
 [1.46770521e+00 8.53252495e-01 5.43746264e-01]
 [8.85396849e-01 4.89523711e-01 2.72550314e-01]
 [4.88836987e-01 2.56831612e-01 1.43932039e-01]
 [2.70381592e-01 1.27418234e-01 6.82539880e-02]
 [1.42346324e-01 6.03533558e-02 2.73505699e-02]
 [6.28430855e-02 2.79200971e-02 9.96530611e-03]
 [2.51097678e-02 8.23792066e-03 3.33777459e-03]
 [8.85086513e-03 2.89493894e-03 9.50309489e-04]
 [2.64144137e-03 7.44263378e-04 2.96592925e-04]
 [8.52855585e-04 2.70799662e-04 8.62110987e-05]
 [2.34605676e-04 8.30153282e-05 3.08581808e-05]
 [8.53553147e-05 3.04958144e-05 1.10654462e-05]
 [2.88787531e-05 1.11985177e-05 3.83102948e-06]
 [1.05000527e-05 3.43536037e-06 1.69779983e-06]
 [4.22921333e-06 1.30618416e-06 3.81038991e-07]
 [1.25283150e-06 2.50009492e-07 7.66375993e-08]
 [3.19604114e-07 6.02778962e-08 1.73344644e-08]
 [8.74623303e-08 1.48605620e-08 2.00758644e-09]
 [1.29724490e-08 1.68898819e-09 3.59343764e-10]
 [2.08281315e-09 2.77954609e-10 5.13244405e-11]
 [3.08418001e-10 3.81230861e-11 6.83366468e-12]
 [3.99425038e-11 4.34701554e-12 6.90870656e-13]
 [4.95502006e-12 4.39536182e-13 4.92038189e-14]
 [5.13810013e-13 4.47817823e-14 2.87548263e-15]
 [3.36027191e-14 2.06347166e-15 1.45216641e-16]
 [1.64304557e-15 1.13604543e-16 8.93393790e-18]
 [1.29466251e-16 9.66200296e-18 4.50324861e-19]
 [7.61083047e-18 2.83789711e-19 2.49964611e-20]
 [5.62710808e-19 2.21292528e-20 7.54964428e-22]
 [1.80128288e-20 5.75795982e-22 1.89460819e-23]
 [6.01110653e-22 8.38766779e-24 9.13255719e-26]
 [2.22671609e-24 3.51092374e-26 7.45746668e-27]
 [4.81116849e-26 6.76389945e-27 5.40361371e-26]
 [9.48980991e-27 3.95141317e-26 3.76276249e-25]
 [4.62306694e-26 3.60353953e-25 2.80014611e-24]
 [2.87372225e-25 1.80771531e-24 1.79827150e-23]
 [1.91572542e-24 1.86247095e-23 1.79041733e-22]
 [1.82394772e-23 1.33535250e-22 1.52288948e-21]
 [1.35339426e-22 2.05097992e-21 2.84620988e-20]
 [2.63900149e-21 3.72390620e-20 4.64845299e-19]
 [4.06127172e-20 3.34402346e-19 4.69133178e-18]
 [3.60405809e-19 2.07319085e-18 4.09331390e-17]
 [3.60490741e-18 3.33412253e-17 3.77767588e-16]
 [4.58581895e-17 3.41600792e-16 2.18598273e-15]
 [2.38940810e-16 2.14979151e-15 1.48278048e-14]
 [1.62699919e-15 1.58178979e-14 1.06586052e-13]
 [1.55342246e-14 9.59696873e-14 5.55164787e-13]
 [8.43591623e-14 7.45164175e-13 3.93239691e-12]
 [6.81783652e-13 3.95744878e-12 2.07034253e-11]
 [4.27430821e-12 2.48645778e-11 1.56059692e-10]
 [2.13173086e-11 1.86229805e-10 1.22762333e-09]
 [2.36481094e-10 1.28130296e-09 7.35809740e-09]
 [1.30022856e-09 7.68812332e-09 4.89968788e-08]
 [9.83074147e-09 4.62366612e-08 2.23541483e-07]
 [5.27427320e-08 2.21855986e-07 1.07418899e-06]
 [2.44785885e-07 9.10547160e-07 6.00041715e-06]
 [1.11846252e-06 6.93946512e-06 4.46650825e-05]
 [6.84775575e-06 3.65963136e-05 3.76856802e-04]
 [4.43519088e-05 4.38723030e-04 3.30668158e-03]
 [5.16628163e-04 3.22661616e-03 1.56306948e-02]
 [3.10491823e-03 1.97530040e-02 1.08289299e-01]
 [2.09196167e-02 1.08212899e-01 4.94163298e-01]
 [1.18566944e-01 4.53648035e-01 1.78461432e+00]]