[[75.58091004 67.97028653 61.17191277]
 [68.02262633 61.1643217  55.0432837 ]
 [61.22016912 55.03967017 49.53724621]
 [55.09795584 49.54221464 44.58393522]
 [49.5879622  44.57177866 40.11768627]
 [44.62896641 40.11269535 36.10251119]
 [40.16586884 36.10396962 32.48599434]
 [36.14907983 32.48824427 29.23389178]
 [32.5339686  29.23734555 31.13367769]
 [28.82240963 29.74415811 40.8459973 ]
 [30.84029645 39.51238164 62.04039199]
 [33.62818037 49.39677166 93.16535345]
 [61.96648512 92.56710881 83.90633422]
 [93.31021092 83.92509753 75.52734992]
 [83.97900093 75.52832185 67.97625566]]