[[ 0.83940143  0.93266826  1.03629807]
 [ 0.93266826  1.03629807  1.1514423 ]
 [ 1.03629807  1.1514423   1.27938033]
 [ 1.1514423   1.27938033  1.4215337 ]
 [ 1.27938033  1.4215337   1.57948189]
 [ 1.4215337   1.57948189  1.75497987]
 [ 1.57948189  1.75497987  1.94997764]
 [ 1.75497987  1.94997764  2.16664182]
 [ 1.94997764  2.16664182  2.4073798 ]
 [ 2.16664182  2.4073798   2.67486644]
 [ 2.4073798   2.67486644  2.97207383]
 [ 2.67486644  2.97207383  3.30230425]
 [ 2.97207383  3.30230425  3.66922695]
 [ 3.30230425  3.66922695  4.07691883]
 [ 3.66922695  4.07691883  4.52990981]
 [ 4.07691883  4.52990981  5.03323312]
 [ 4.52990981  5.03323312  5.59248125]
 [ 5.03323312  5.59248125  6.21386805]
 [ 5.59248125  6.21386805  6.90429784]
 [ 6.21386805  6.90429784  7.67144204]
 [ 6.90429784  7.67144204  8.52382449]
 [ 7.67144204  8.52382449  9.4709161 ]
 [ 8.52382449  9.4709161  10.52324011]
 [ 9.4709161  10.52324011 11.69248901]
 [10.52324011 11.69248901 12.99165446]
 [11.69248901 12.99165446 14.43517162]
 [12.99165446 14.43517162 16.03907958]
 [14.43517162 16.03907958 17.82119953]
 [16.03907958 17.82119953 19.80133282]
 [17.82119953 19.80133282 22.00148091]
 [19.80133282 22.00148091 24.4460899 ]
 [22.00148091 24.4460899  27.16232211]
 [24.4460899  27.16232211 30.1803579 ]
 [27.16232211 30.1803579  33.533731  ]
 [30.1803579  33.533731   37.25970111]
 [33.533731   37.25970111 41.3996679 ]
 [37.25970111 41.3996679  45.999631  ]
 [41.3996679  45.999631   51.11070111]
 [45.999631   51.11070111 56.7896679 ]
 [51.11070111 56.7896679  63.099631  ]
 [56.7896679  63.099631   70.11070111]
 [63.099631   66.7896679  63.099631  ]
 [70.11070111 63.099631   56.7896679 ]
 [63.099631   56.7896679  51.11070111]
 [56.7896679  51.11070111 45.999631  ]
 [51.11070111 45.999631   41.3996679 ]
 [45.999631   41.3996679  37.25970111]
 [41.3996679  37.25970111 33.533731  ]
 [37.25970111 33.533731   30.1803579 ]
 [33.533731   30.1803579  27.16232211]
 [30.1803579  27.16232211 24.4460899 ]
 [27.16232211 24.4460899  22.00148091]
 [24.4460899  22.00148091 19.80133282]
 [22.00148091 19.80133282 17.82119953]
 [19.80133282 17.82119953 16.03907958]
 [17.82119953 16.03907958 14.43517162]
 [16.03907958 14.43517162 12.99165446]
 [14.43517162 12.99165446 11.69248901]
 [12.99165446 11.69248901 10.52324011]
 [11.69248901 10.52324011  9.4709161 ]
 [10.52324011  9.4709161   8.52382449]
 [ 9.4709161   8.52382449  7.67144204]
 [ 8.52382449  7.67144204  6.90429784]
 [ 7.67144204  6.90429784  6.21386805]
 [ 6.90429784  6.21386805  5.59248125]
 [ 6.21386805  5.59248125  5.03323312]
 [ 5.59248125  5.03323312  4.52990981]
 [ 5.03323312  4.52990981  4.07691883]
 [ 4.52990981  4.07691883  3.66922695]
 [ 4.07691883  3.66922695  3.30230425]
 [ 3.66922695  3.30230425  2.97207383]
 [ 3.30230425  2.97207383  2.67486644]
 [ 2.97207383  2.67486644  2.4073798 ]
 [ 2.67486644  2.4073798   2.16664182]
 [ 2.4073798   2.16664182  1.94997764]
 [ 2.16664182  1.94997764  1.75497987]
 [ 1.94997764  1.75497987  1.57948189]
 [ 1.75497987  1.57948189  1.4215337 ]
 [ 1.57948189  1.4215337   1.27938033]
 [ 1.4215337   1.27938033  1.1514423 ]
 [ 1.27938033  1.1514423   1.03629807]
 [ 1.1514423   1.03629807  0.93266826]
 [ 1.03629807  0.93266826  0.83940143]
 [ 0.93266826  0.83940143  0.75546129]
 [ 0.83940143  0.75546129  0.67991516]
 [ 0.75546129  0.67991516  0.61192364]
 [ 0.67991516  0.61192364  0.55073128]
 [ 0.61192364  0.55073128  0.49565815]
 [ 0.55073128  0.49565815  0.44609234]
 [ 0.49565815  0.44609234  0.4014831 ]
 [ 0.44609234  0.4014831   0.36133479]
 [ 0.4014831   0.36133479  0.4014831 ]
 [ 0.36133479  0.4014831   0.44609234]
 [ 0.4014831   0.44609234  0.49565815]
 [ 0.44609234  0.49565815  0.55073128]
 [ 0.49565815  0.55073128  0.61192364]
 [ 0.55073128  0.61192364  0.67991516]
 [ 0.61192364  0.67991516  0.75546129]
 [ 0.67991516  0.75546129  0.83940143]
 [ 0.75546129  0.83940143  0.93266826]]