[[75.58091004 67.97113912 61.16459106]
 [68.02262633 61.16684366 55.03739752]
 [61.2201691  55.04338599 49.53910133]
 [55.09795577 49.53638295 44.57186046]
 [49.58796203 44.57285449 40.11154446]
 [44.62896604 40.11525164 36.09465848]
 [40.16586817 36.09873565 32.48211294]
 [36.14907869 32.48499094 29.22817022]
 [32.53396683 29.22522791 30.838758  ]
 [28.87083105 28.96859128 39.87190921]
 [29.6706792  37.44355614 63.02228635]
 [28.79975563 48.48490338 93.10234166]
 [63.09199533 92.56710881 83.90528985]
 [93.31021092 83.91847337 75.52781582]
 [83.97900093 75.51998959 67.96672548]]