[[56.7896679  51.11070111 45.999631  ]
 [51.11070111 45.999631   41.3996679 ]
 [45.999631   41.3996679  37.25970111]
 [41.3996679  37.25970111 33.533731  ]
 [37.25970111 33.533731   33.533731  ]
 [33.533731   30.18036125 27.16234428]
 [30.1803579  27.1623439  24.44612836]
 [27.16232211 24.44611253 22.00154325]
 [24.4460899  22.0014858  22.00150672]
 [22.00149856 22.00154832 22.00153909]
 [33.53375609 30.1804091  63.099631  ]
 [56.7896679  63.099631   70.11070111]
 [63.099631   66.7896679  63.099631  ]
 [70.11070111 63.099631   56.7896679 ]
 [63.099631   56.7896679  51.11070111]]