[[56.7896679  51.11070111 45.999631  ]
 [51.11070111 45.999631   41.3996679 ]
 [45.999631   41.3996679  37.25970111]
 [41.3996679  37.25970111 33.533731  ]
 [37.25970111 33.533731   33.533731  ]
 [33.533731   30.18036125 27.16232211]
 [30.1803579  27.16232814 27.16235028]
 [27.16232211 24.44609261 24.44609855]
 [24.4460899  22.00152381 22.00154592]
 [24.44611589 27.16236819 56.7896679 ]
 [45.99962737 45.99964179 63.099631  ]
 [56.7896679  63.099631   70.11070111]
 [63.099631   66.7896679  63.099631  ]
 [70.11070111 63.099631   56.7896679 ]
 [63.099631   56.7896679  51.11070111]]