[[56.7896679  51.11070111 45.999631  ]
 [51.11070111 45.999631   41.3996679 ]
 [45.999631   41.3996679  37.25970111]
 [41.3996679  37.25970111 33.533731  ]
 [37.25970111 33.533731   33.533731  ]
 [33.533731   33.533731   37.25970111]
 [33.533731   37.25970111 41.3996679 ]
 [37.25970111 41.3996679  45.999631  ]
 [41.3996679  45.999631   51.11070111]
 [45.999631   51.11070111 56.7896679 ]
 [51.11070111 56.7896679  63.099631  ]
 [56.7896679  63.099631   70.11070111]
 [63.099631   66.7896679  63.099631  ]
 [70.11070111 63.099631   56.7896679 ]
 [63.099631   56.7896679  51.11070111]]