[[68.19116612 51.54411239 41.44392946]
 [53.0923812  39.21428279 32.90775702]
 [42.13707999 31.50069381 24.97495655]
 [33.18270816 24.63646114 26.29572686]
 [26.66729814 27.25758503 36.29182888]
 [30.07621264 37.20613309 45.38492234]
 [39.28456731 45.37135266 52.50492576]
 [46.69336734 52.51900738 59.01830656]
 [53.07845504 58.98955109 65.10828095]
 [59.00256712 65.36193006 73.75010642]
 [65.7122423  73.78316172 83.00606348]
 [73.72674217 82.91651904 93.31021092]
 [83.22530095 92.56710881 83.84817718]
 [93.2509073  82.53356502 72.70807565]
 [82.67980617 67.76300673 56.0426764 ]]