[[69.78933559 53.8115879  43.09693662]
 [54.78851813 40.07227396 30.10950314]
 [40.69623676 28.64020413 21.73388841]
 [30.0664222  20.91924128 22.63935609]
 [22.58359342 25.33859221 35.65717256]
 [28.54783154 36.14315374 45.60357391]
 [38.82463674 45.76005545 54.08324768]
 [47.82617999 54.09544586 60.94166167]
 [54.78267283 60.94041021 67.83999878]
 [60.948236   67.59424597 75.50815698]
 [67.69172313 75.33446463 83.95111909]
 [75.3388052  83.72755548 93.31021092]
 [83.789955   92.56710881 83.79719993]
 [93.2340542  82.547545   72.94030694]
 [82.65190007 68.97406508 58.49451215]]