[[56.7896679  51.11070111 45.999631  ]
 [51.11070111 45.999631   41.3996679 ]
 [45.999631   41.3996679  37.25970111]
 [41.3996679  37.25970111 33.533731  ]
 [37.25970111 33.533731   30.1803579 ]
 [33.533731   30.1803579  27.16232211]
 [30.1803579  27.16232211 24.4460899 ]
 [27.16232211 24.4460899  22.00148091]
 [24.4460899  22.00148091 19.80133282]
 [22.00148091 19.80133722 19.80138664]
 [51.11070111 56.78964129 63.099631  ]
 [56.7896679  63.099631   70.11070111]
 [63.099631   66.7896679  63.099631  ]
 [70.11070111 63.099631   56.7896679 ]
 [63.099631   56.7896679  51.11070111]]