[[56.7896679  51.11070111 45.999631  ]
 [51.11070111 45.999631   41.3996679 ]
 [45.999631   41.3996679  37.25970111]
 [41.3996679  37.25970111 33.533731  ]
 [37.25970111 33.533731   33.533731  ]
 [33.533731   30.18036125 30.18037206]
 [30.1803579  27.16232513 27.1623265 ]
 [27.16232211 24.44614151 24.4460848 ]
 [24.4460899  22.00150617 22.00154046]
 [30.18039495 27.16238062 56.7896679 ]
 [33.53375609 37.25972184 63.099631  ]
 [56.7896679  63.099631   70.11070111]
 [63.099631   66.7896679  63.099631  ]
 [70.11070111 63.099631   56.7896679 ]
 [63.099631   56.7896679  51.11070111]]