[[75.54953253 67.82212916 60.99861932]
 [67.98352552 60.99172315 54.86373901]
 [61.17373743 54.87866651 49.37271842]
 [55.04526318 49.3703181  44.39557857]
 [49.52917651 44.41336491 39.97192621]
 [44.56530912 39.94378979 35.92656453]
 [40.09733419 35.92871356 32.3262053 ]
 [36.07641575 32.28757479 35.02230511]
 [32.45771854 35.03895519 39.55213614]
 [35.11156845 38.87209141 53.12971922]
 [39.28987514 52.76765312 70.7755163 ]
 [52.09144245 70.54202499 93.31021092]
 [70.18803748 92.56710881 83.90553327]
 [93.29588194 83.79970481 75.40639763]
 [83.95543601 75.38910418 67.83869371]]