[[56.7896679  51.11070111 45.999631  ]
 [51.11070111 45.999631   41.3996679 ]
 [45.999631   41.3996679  37.25970111]
 [41.3996679  37.25970111 33.533731  ]
 [37.25970111 33.533731   30.1803579 ]
 [33.533731   33.53372764 30.18036498]
 [30.1803579  27.16232814 27.1623265 ]
 [27.16232211 24.44613473 24.44613954]
 [24.4460899  22.00153017 22.00154592]
 [30.18038048 27.16236303 56.7896679 ]
 [33.53375609 37.259719   63.099631  ]
 [56.7896679  63.09962469 70.11070111]
 [63.09962469 66.7896679  63.099631  ]
 [70.11070111 63.099631   56.7896679 ]
 [63.099631   56.7896679  51.11070111]]