[[2.33243337e+00 4.29609013e+00 1.01492655e+01]
 [4.70257843e+00 9.33504413e+00 2.08146313e+01]
 [1.24230154e+01 2.05269506e+01 3.37006085e+01]
 [2.23029688e+01 3.17813444e+01 5.03864146e+01]
 [3.61048524e+01 4.74069300e+01 6.75709495e+01]
 [5.43329401e+01 6.67264396e+01 8.04029765e+01]
 [7.07601727e+01 7.96980171e+01 8.99654866e+01]
 [8.07714765e+01 8.99889938e+01 9.99937880e+01]
 [8.99891916e+01 9.99954827e+01 8.99812607e+01]
 [9.99955044e+01 8.99915042e+01 8.09640189e+01]
 [8.99954940e+01 8.09525646e+01 7.28540594e+01]
 [8.09955586e+01 7.28536069e+01 6.55655271e+01]
 [7.28955737e+01 6.55577331e+01 5.90084192e+01]
 [6.56055835e+01 5.90022346e+01 5.30982851e+01]
 [5.90446040e+01 5.30950760e+01 4.77882681e+01]
 [5.31396598e+01 4.77868233e+01 4.29988278e+01]
 [4.78252848e+01 4.30071584e+01 3.86879208e+01]
 [4.30422872e+01 3.86981742e+01 3.48251334e+01]
 [3.87375981e+01 3.48251217e+01 3.13438278e+01]
 [3.48634074e+01 3.13418497e+01 2.82080610e+01]
 [3.13766462e+01 2.82036683e+01 2.53820711e+01]
 [2.82385923e+01 2.53788564e+01 2.28377429e+01]
 [2.54143220e+01 2.28427073e+01 2.05518988e+01]
 [2.28724847e+01 2.05492255e+01 1.84925585e+01]
 [2.05848697e+01 1.84961319e+01 1.66427218e+01]
 [1.85260053e+01 1.66411419e+01 1.49758545e+01]
 [1.66730361e+01 1.49741070e+01 1.34743961e+01]
 [1.50053253e+01 1.34765307e+01 1.21202909e+01]
 [1.35044167e+01 1.21239999e+01 1.09109310e+01]
 [1.21536131e+01 1.09109194e+01 9.81624484e+00]
 [1.09378798e+01 9.81703240e+00 8.82574174e+00]
 [9.84023630e+00 8.71818697e+00 7.75328511e+00]
 [8.78546599e+00 7.39267138e+00 6.37827342e+00]
 [7.52793875e+00 5.98787272e+00 5.01092203e+00]
 [6.20793286e+00 4.55657036e+00 3.64321604e+00]
 [4.74824216e+00 3.31995707e+00 2.55496187e+00]
 [3.41546128e+00 2.40640085e+00 1.87080962e+00]
 [2.50395014e+00 1.70779781e+00 1.27457514e+00]
 [1.76494446e+00 1.21795438e+00 8.81720735e-01]
 [1.23648000e+00 8.09528288e-01 5.45689924e-01]
 [8.00245850e-01 4.55611255e-01 3.06764082e-01]
 [5.03562347e-01 2.80029520e-01 1.47453937e-01]
 [2.78738127e-01 1.38528865e-01 7.44630154e-02]
 [1.37793702e-01 5.96849450e-02 3.32450463e-02]
 [6.67830831e-02 3.13354128e-02 1.64680239e-02]
 [3.22433372e-02 1.51567457e-02 8.25348453e-03]
 [1.68269738e-02 7.94300892e-03 3.39690330e-03]
 [7.84761010e-03 3.26139270e-03 1.28285927e-03]
 [2.98308832e-03 1.26351007e-03 3.79479488e-04]
 [1.00946836e-03 3.20773034e-04 1.33035540e-04]
 [3.48913339e-04 1.40995679e-04 4.76129087e-05]
 [1.32126196e-04 4.40260927e-05 1.37636199e-05]
 [4.67829554e-05 1.45507729e-05 4.09460630e-06]
 [1.37943521e-05 4.20621322e-06 1.33221017e-06]
 [4.48226625e-06 1.42542069e-06 2.65756494e-07]
 [1.21937537e-06 1.42578914e-07 2.82308373e-08]
 [1.97829851e-07 2.43144840e-08 6.37843029e-09]
 [3.63934532e-08 3.56999367e-09 7.72861002e-10]
 [4.55932350e-09 5.79153682e-10 1.71988058e-10]
 [8.68823207e-10 1.85398767e-10 2.56709342e-11]
 [1.57337926e-10 2.49490559e-11 4.43106937e-12]
 [2.41214890e-11 4.45919426e-12 6.28880367e-13]
 [3.50574448e-12 6.34805913e-13 9.51076582e-14]
 [6.86960191e-13 7.10574552e-14 7.10522125e-15]
 [6.79174889e-14 7.48404170e-15 3.44688242e-16]
 [4.84416700e-15 3.21644230e-16 4.09228082e-17]
 [4.69309224e-16 3.31828213e-17 2.77184137e-18]
 [3.63635008e-17 4.35911619e-18 3.24569710e-19]
 [2.75840973e-18 3.42118481e-19 3.35907039e-20]
 [3.51573994e-19 3.13291488e-20 2.67180350e-21]
 [3.19210209e-20 2.94498666e-21 3.16915434e-22]
 [3.43775735e-21 2.88143324e-22 8.92412918e-24]
 [1.92517316e-22 9.66001232e-24 1.16711504e-24]
 [4.15392223e-24 1.11979683e-24 1.18054641e-23]
 [1.13661044e-24 9.14138573e-24 1.60050191e-22]
 [1.16952689e-23 2.11498489e-22 1.83309804e-21]
 [1.51760159e-22 1.27819236e-21 2.19798690e-20]
 [2.17284524e-21 3.15758395e-20 3.72160752e-19]
 [3.55318439e-20 5.14566364e-19 6.96945466e-18]
 [5.16731764e-19 7.31172474e-18 1.14799253e-16]
 [6.55075711e-18 7.69480489e-17 1.37749096e-15]
 [9.81422154e-17 9.06739248e-16 1.44640603e-14]
 [1.51421767e-15 9.85827952e-15 1.17952892e-13]
 [1.50988732e-14 1.04811866e-13 1.34072126e-12]
 [1.57240723e-13 1.02461529e-12 1.11751216e-11]
 [1.20297604e-12 1.17533479e-11 1.27049901e-10]
 [1.38642402e-11 1.66696174e-10 1.25939610e-09]
 [1.55210201e-10 1.35418608e-09 1.04660300e-08]
 [1.66694486e-09 1.29223440e-08 1.23398445e-07]
 [1.19236160e-08 1.33039536e-07 1.50734006e-06]
 [2.42728218e-07 1.42940288e-06 1.00848089e-05]
 [1.48648142e-06 1.13851759e-05 7.47720764e-05]
 [1.00357623e-05 6.54602774e-05 4.54000638e-04]
 [1.10286015e-04 3.78671360e-04 2.00292641e-03]
 [4.15171599e-04 2.01331984e-03 8.73454043e-03]
 [2.29507516e-03 9.48491797e-03 3.59723468e-02]
 [9.50581426e-03 4.17514468e-02 1.60283994e-01]
 [4.96309482e-02 1.49905461e-01 5.68591038e-01]
 [1.94305555e-01 5.63275438e-01 1.84140079e+00]
 [5.86452313e-01 1.70152216e+00 4.78530149e+00]]